
Element["" "1:1" "" "TY-14xP" 30000 72000 0 0 0 100 ""]
(
	Pin[0 0 10600 7000 11200 6000 "+" "1" "square,edge2"]
	ElementArc [-7000 7000 2000 2000 180 90 1000]
	ElementArc [-7000 7000 2000 2000 0 90 1000]
	ElementArc [-7000 7000 2000 2000 90 90 1000]
	ElementArc [-7000 7000 2000 2000 270 90 1000]
	Pin[18700 0 10600 7000 11200 6000 "CT" "2" "edge2"]
	Pin[37400 0 10600 7000 11200 6000 "-" "3" "edge2"]
	Pin[37400 -42000 10600 7000 11200 6000 "+" "4" "edge2"]
	Pin[18700 -42000 10600 7000 11200 6000 "CT" "5" "edge2"]
	Pin[0 -42000 10600 7000 11200 6000 "-" "6" "edge2"]
	ElementLine [0 14000 38000 14000 1000]
	ElementArc [38000 0 14000 14000 90 90 1000]
	ElementLine [52000 0 52000 -14000 1000]
	ElementLine [52000 -14000 59000 -14000 1000]
	ElementLine [59000 -14000 59000 -28000 1000]
	ElementLine [59000 -28000 52000 -28000 1000]
	ElementLine [52000 -28000 52000 -42000 1000]
	ElementArc [38000 -42000 14000 14000 180 90 1000]
	ElementLine [38000 -56000 0 -56000 1000]
	ElementArc [0 -42000 14000 14000 270 90 1000]
	ElementLine [-14000 -42000 -14000 -28000 1000]
	ElementLine [-14000 -28000 -22000 -28000 1000]
	ElementLine [-22000 -28000 -22000 -14000 1000]
	ElementLine [-22000 -14000 -14000 -14000 1000]
	ElementLine [-14000 -14000 -14000 0 1000]
	ElementArc [0 0 14000 14000 0 90 1000]

	)
