
Element["" "TO220L" "" "7805" 67000 390000 0 0 0 100 ""]
(
	Pin[4500 1000 9000 3000 9600 6000 "1" "1" "square"]
	Pin[14500 1000 9000 3000 9600 6000 "2" "2" ""]
	Pin[24500 1000 9000 3000 9600 6000 "3" "3" ""]
	Pin[14500 -66000 15000 3000 15600 13000 "2" "2" ""]
	Pad[4500 -9000 4500 1000 4000 3000 4600 "1" "1" "nopaste,edge2"]
	Pad[8000 -50300 21000 -50300 28700 3000 29300 "2" "2" "nopaste,square"]
	Pad[24500 -9000 24500 1000 4000 3000 4600 "3" "3" "nopaste,square,edge2"]
	Pad[14500 -58000 14500 -38000 40000 3000 40600 "2" "2" "nopaste,square"]
	ElementLine [4500 -17000 4500 -9000 4000]
	ElementLine [14500 -17000 14500 1000 4000]
	ElementLine [24500 -17000 24500 -9000 4000]
	ElementLine [-5500 -17000 34500 -17000 2000]
	ElementLine [-5500 -67000 -4000 -67000 2000]
	ElementLine [-5500 -54500 34500 -54500 2000]
	ElementLine [34500 -17000 34500 -67000 2000]
	ElementLine [33000 -67000 34500 -67000 2000]
	ElementLine [33000 -74000 33000 -67000 2000]
	ElementLine [33000 -74000 34500 -74000 2000]
	ElementLine [34500 -78000 34500 -74000 2000]
	ElementLine [-5500 -78000 34500 -78000 2000]
	ElementLine [-5500 -78000 -5500 -74000 2000]
	ElementLine [-5500 -74000 -4000 -74000 2000]
	ElementLine [-4000 -74000 -4000 -67000 2000]
	ElementLine [-5500 -17000 -5500 -67000 2000]

	)
