v 20070526 1
P 700 2900 1000 2900 1 0 0
{
T 900 2950 5 8 1 1 0 6 1
pinnumber=@p7@
T 900 2850 5 8 0 1 0 8 1
pinseq=@ps7@
T 1050 2925 9 8 1 1 0 0 1
pinlabel=+CARRIER
T 1050 2900 5 8 0 1 0 2 1
pintype=in
}
B 1000 600 2200 3000 3 0 0 0 -1 -1 0 -1 -1 -1 -1 -1
T 3350 2450 5 10 0 0 0 0 1
device=@device@
T 1050 3400 8 10 1 1 0 0 1
refdes=U?
T 3350 2000 5 10 0 0 0 0 1
footprint=@footprint@
T 3350 2850 5 10 0 0 0 0 1
numslots=0
T 3350 2650 5 10 0 0 0 0 1
symversion=1.0
T 3350 1800 5 10 0 0 0 0 1
description=Balanced Modulator-Demodulator
T 3350 1600 5 10 0 0 0 0 1
documentation=http://www.onsemi.com/pub_link/Collateral/MC1496-D.PDF
T 1050 3240 9 10 1 1 0 0 1
@device@
L 2100 2500 2100 2100 3 0 0 0 -1 -1
L 2100 2400 2300 2500 3 0 0 0 -1 -1
L 2100 2200 2300 2100 3 0 0 0 -1 -1
L 2301 2100 2203 2109 3 0 0 0 -1 -1
L 2300 2100 2231 2173 3 0 0 0 -1 -1
L 2203 2109 2231 2173 3 0 0 0 -1 -1
L 2100 2300 2000 2300 3 0 0 0 -1 -1
L 2681 2100 2779 2109 3 0 0 0 -1 -1
L 2682 2100 2751 2173 3 0 0 0 -1 -1
L 2779 2109 2751 2173 3 0 0 0 -1 -1
B 2100 2600 700 500 3 0 0 0 -1 -1 0 -1 -1 -1 -1 -1
B 2000 900 1000 400 3 0 0 0 -1 -1 0 -1 -1 -1 -1 -1
P 700 2700 1000 2700 1 0 0
{
T 900 2750 5 8 1 1 0 6 1
pinnumber=@p8@
T 900 2650 5 8 0 1 0 8 1
pinseq=@ps8@
T 1050 2725 9 8 1 1 0 0 1
pinlabel=-CARRIER
T 1050 2700 5 8 0 1 0 2 1
pintype=in
}
P 700 2300 1000 2300 1 0 0
{
T 900 2350 5 8 1 1 0 6 1
pinnumber=@p1@
T 900 2250 5 8 0 1 0 8 1
pinseq=@ps1@
T 1050 2325 9 8 1 1 0 0 1
pinlabel=+SIGNAL
T 1050 2300 5 8 0 1 0 2 1
pintype=in
}
P 700 2100 1000 2100 1 0 0
{
T 900 2150 5 8 1 1 0 6 1
pinnumber=@p4@
T 900 2050 5 8 0 1 0 8 1
pinseq=@ps4@
T 1050 2125 9 8 1 1 0 0 1
pinlabel=-SIGNAL
T 1050 2100 5 8 0 1 0 2 1
pintype=in
}
P 700 1700 1000 1700 1 0 0
{
T 900 1750 5 8 1 1 0 6 1
pinnumber=@p2@
T 900 1650 5 8 0 1 0 8 1
pinseq=@ps2@
T 1050 1725 9 8 1 1 0 0 1
pinlabel=GAIN1
T 1050 1700 5 8 0 1 0 2 1
pintype=in
}
P 700 1500 1000 1500 1 0 0
{
T 900 1550 5 8 1 1 0 6 1
pinnumber=@p3@
T 900 1450 5 8 0 1 0 8 1
pinseq=@ps3@
T 1050 1525 9 8 1 1 0 0 1
pinlabel=GAIN2
T 1050 1500 5 8 0 1 0 2 1
pintype=in
}
P 2700 3900 2700 3600 1 0 0
{
T 2650 3700 5 8 1 1 90 0 1
pinnumber=@p9@
T 2750 3700 5 8 0 1 90 2 1
pinseq=@ps9@
T 2675 3550 9 8 1 1 90 6 1
pinlabel=-OUT
T 2700 3550 5 8 0 1 90 8 1
pintype=out
}
P 2300 3900 2300 3600 1 0 0
{
T 2250 3700 5 8 1 1 90 0 1
pinnumber=@p6@
T 2350 3700 5 8 0 1 90 2 1
pinseq=@ps6@
T 2275 3550 9 8 1 1 90 6 1
pinlabel=+OUT
T 2300 3550 5 8 0 1 90 8 1
pintype=out
}
P 2500 600 2500 300 1 0 1
{
T 2450 500 5 8 1 1 90 6 1
pinnumber=@p10@
T 2550 500 5 8 0 1 90 8 1
pinseq=@ps10@
T 2475 650 9 8 1 1 90 0 1
pinlabel=V-
T 2500 650 5 8 0 1 90 2 1
pintype=pwr
}
L 1000 2300 2000 2300 3 0 0 0 -1 -1
L 1000 2100 1900 2100 3 0 0 0 -1 -1
L 1900 2100 1900 1900 3 0 0 0 -1 -1
L 1900 1900 3100 1900 3 0 0 0 -1 -1
L 3100 1900 3100 2300 3 0 0 0 -1 -1
L 3100 2300 3000 2300 3 0 0 0 -1 -1
L 2300 2100 2300 1950 3 0 0 0 -1 -1
L 2300 1850 2300 1700 3 0 0 0 -1 -1
L 2300 1700 1000 1700 3 0 0 0 -1 -1
L 1000 1500 2700 1500 3 0 0 0 -1 -1
L 2700 1300 2700 1850 3 0 0 0 -1 -1
L 2700 1950 2700 2100 3 0 0 0 -1 -1
L 2300 1700 2300 1550 3 0 0 0 -1 -1
L 3000 2300 2900 2300 3 0 0 0 -1 -1
L 2900 2500 2900 2100 3 0 0 0 -1 -1
L 2700 2500 2900 2400 3 0 0 0 -1 -1
L 2700 2100 2900 2200 3 0 0 0 -1 -1
A 2300 1900 50 90 180 3 0 0 0 -1 -1
A 2700 1900 50 90 180 3 0 0 0 -1 -1
A 2300 1500 50 90 180 3 0 0 0 -1 -1
L 2300 1450 2300 1300 3 0 0 0 -1 -1
L 1000 2900 2100 2900 3 0 0 0 -1 -1
L 1000 2700 2100 2700 3 0 0 0 -1 -1
P 700 1100 1000 1100 1 0 0
{
T 900 1150 5 8 1 1 0 6 1
pinnumber=@p5@
T 900 1050 5 8 0 1 0 8 1
pinseq=@ps5@
T 1050 1125 9 8 1 1 0 0 1
pinlabel=BIAS
T 1050 1100 5 8 0 1 0 2 1
pintype=in
}
L 2300 3000 2700 2700 3 0 0 0 -1 -1
L 2300 2700 2700 3000 3 0 0 0 -1 -1
L 2300 2650 2300 3050 3 0 0 0 -1 -1
L 2700 2650 2700 3050 3 0 0 0 -1 -1
L 2300 2500 2300 2600 3 0 0 0 -1 -1
L 2700 2500 2700 2600 3 0 0 0 -1 -1
L 2300 3100 2300 3600 3 0 0 0 -1 -1
L 2700 3100 2700 3600 3 0 0 0 -1 -1
L 1000 1100 2000 1100 3 0 0 0 -1 -1
L 2500 600 2500 900 3 0 0 0 -1 -1
T 3350 2250 5 10 0 0 0 0 1
vendor=@vendor@
V 2699 1500 25 3 0 0 0 -1 -1 1 -1 -1 -1 -1 -1
V 2299 1700 25 3 0 0 0 -1 -1 1 -1 -1 -1 -1 -1
