v 20090328 2
B 600 0 2200 2500 3 0 0 0 -1 -1 0 -1 -1 -1 -1 -1
T 3650 1300 5 10 0 0 0 0 1
device=@device@
T 1100 225 8 10 1 1 0 0 1
refdes=U?
T 3650 900 5 10 0 0 0 0 1
footprint=@footprint@
T 3650 1700 5 10 0 0 0 0 1
numslots=0
T 3650 1500 5 10 0 0 0 0 1
symversion=1.0
T 3650 700 5 10 0 0 0 0 1
description=Low-Dropout, Low IQ, 200 mA Linear Regulator
T 1100 65 9 10 1 1 0 0 1
@device@
P 300 500 600 500 1 0 0
{
T 500 550 5 8 1 1 0 6 1
pinnumber=@p4@
T 500 450 5 8 0 1 0 8 1
pinseq=@ps4@
T 650 350 9 8 1 1 0 0 1
pinlabel=IN-
T 650 500 5 8 0 1 0 2 1
pintype=in
}
T 3650 1100 5 10 0 0 0 0 1
vendor=@vendor@
T 3650 500 5 10 0 0 0 0 1
documentation=http://datasheets.maxim-ic.com/en/ds/MAX882-MAX884.pdf
P 3100 1500 2800 1500 1 0 0
{
T 2895 1545 5 8 1 1 0 0 1
pinnumber=@p8@
T 2900 1450 5 8 0 1 0 2 1
pinseq=@ps8@
T 2795 1545 9 8 1 1 0 6 1
pinlabel=OUT-
T 2750 1500 5 8 0 1 0 8 1
pintype=out
}
L 1100 2100 1100 2050 3 0 0 0 -1 -1
L 1100 2050 1150 2025 3 0 0 0 -1 -1
L 1150 2025 1050 1975 3 0 0 0 -1 -1
L 1150 1925 1050 1975 3 0 0 0 -1 -1
L 1150 1925 1050 1875 3 0 0 0 -1 -1
L 1050 1875 1150 1825 3 0 0 0 -1 -1
L 1050 1775 1150 1825 3 0 0 0 -1 -1
L 1050 1775 1100 1750 3 0 0 0 -1 -1
L 1100 1750 1100 1700 3 0 0 0 -1 -1
L 1000 1500 1000 1450 3 0 0 0 -1 -1
L 1000 1450 1050 1425 3 0 0 0 -1 -1
L 1050 1425 950 1375 3 0 0 0 -1 -1
L 1050 1325 950 1375 3 0 0 0 -1 -1
L 1050 1325 950 1275 3 0 0 0 -1 -1
L 950 1275 1050 1225 3 0 0 0 -1 -1
L 950 1175 1050 1225 3 0 0 0 -1 -1
L 950 1175 1000 1150 3 0 0 0 -1 -1
L 1000 1150 1000 1100 3 0 0 0 -1 -1
L 1800 1200 1850 1200 3 0 0 0 -1 -1
L 1850 1200 1875 1250 3 0 0 0 -1 -1
L 1875 1250 1925 1150 3 0 0 0 -1 -1
L 1925 1150 1975 1250 3 0 0 0 -1 -1
L 1975 1250 2025 1150 3 0 0 0 -1 -1
L 2025 1150 2075 1250 3 0 0 0 -1 -1
L 2075 1250 2125 1150 3 0 0 0 -1 -1
L 2125 1150 2150 1200 3 0 0 0 -1 -1
L 2150 1200 2200 1200 3 0 0 0 -1 -1
L 1500 1100 1500 1050 3 0 0 0 -1 -1
L 1500 1050 1550 1025 3 0 0 0 -1 -1
L 1550 1025 1450 975 3 0 0 0 -1 -1
L 1550 925 1450 975 3 0 0 0 -1 -1
L 1550 925 1450 875 3 0 0 0 -1 -1
L 1450 875 1550 825 3 0 0 0 -1 -1
L 1450 775 1550 825 3 0 0 0 -1 -1
L 1450 775 1500 750 3 0 0 0 -1 -1
L 1500 750 1500 700 3 0 0 0 -1 -1
L 1700 1300 1700 1700 3 0 0 0 -1 -1
L 1700 1700 2100 1500 3 0 0 0 -1 -1
L 2100 1500 1700 1300 3 0 0 0 -1 -1
L 1775 1400 1725 1400 3 0 0 0 -1 -1
L 1725 1600 1775 1600 3 0 0 0 -1 -1
L 1750 1625 1750 1575 3 0 0 0 -1 -1
L 1700 1400 1500 1400 3 0 0 0 -1 -1
L 1500 1400 1500 1100 3 0 0 0 -1 -1
L 1800 1200 1500 1200 3 0 0 0 -1 -1
L 2100 1500 2800 1500 3 0 0 0 -1 -1
L 2300 1500 2300 1200 3 0 0 0 -1 -1
L 2300 1200 2200 1200 3 0 0 0 -1 -1
L 1000 400 1000 800 3 0 0 0 -1 -1
L 1000 800 1400 600 3 0 0 0 -1 -1
L 1400 600 1000 400 3 0 0 0 -1 -1
L 1075 500 1025 500 3 0 0 0 -1 -1
L 1025 700 1075 700 3 0 0 0 -1 -1
L 1050 725 1050 675 3 0 0 0 -1 -1
L 1400 600 2800 600 3 0 0 0 -1 -1
L 1500 700 1500 600 3 0 0 0 -1 -1
L 1700 1600 600 1600 3 0 0 0 -1 -1
L 1000 700 600 700 3 0 0 0 -1 -1
L 1000 500 600 500 3 0 0 0 -1 -1
B 1300 1750 1000 300 3 0 0 0 -1 -1 0 -1 -1 -1 -1 -1
T 1800 1900 9 5 1 0 0 4 2
CLICKLESS/POPLESS
SHUTDOWN CONTROL
P 3100 600 2800 600 1 0 0
{
T 2895 645 5 8 1 1 0 0 1
pinnumber=@p5@
T 2900 550 5 8 0 1 0 2 1
pinseq=@ps4@
T 2795 645 9 8 1 1 0 6 1
pinlabel=OUT+
T 2750 600 5 8 0 1 0 8 1
pintype=out
}
P 3100 1900 2800 1900 1 0 0
{
T 2895 1945 5 8 1 1 0 0 1
pinnumber=@p1@
T 2900 1850 5 8 0 1 0 2 1
pinseq=@ps1@
T 2795 1945 9 8 1 1 0 6 1
pinlabel=SHDN
T 2750 1900 5 8 0 1 0 8 1
pintype=out
}
L 2800 1900 2300 1900 3 0 0 0 -1 -1
P 3100 200 2800 200 1 0 0
{
T 2895 245 5 8 1 1 0 0 1
pinnumber=@p7@
T 2900 150 5 8 0 1 0 2 1
pinseq=@ps7@
T 2795 245 9 8 1 1 0 6 1
pinlabel=GND
T 2750 200 5 8 0 1 0 8 1
pintype=out
}
P 300 700 600 700 1 0 0
{
T 500 750 5 8 1 1 0 6 1
pinnumber=@p3@
T 500 650 5 8 0 1 0 8 1
pinseq=@ps3@
T 650 750 9 8 1 1 0 0 1
pinlabel=IN+
T 650 700 5 8 0 1 0 2 1
pintype=in
}
P 300 1600 600 1600 1 0 0
{
T 500 1650 5 8 1 1 0 6 1
pinnumber=@p2@
T 500 1550 5 8 0 1 0 8 1
pinseq=@ps2@
T 650 1650 9 8 1 1 0 0 1
pinlabel=BIAS
T 650 1600 5 8 0 1 0 2 1
pintype=in
}
V 1000 1600 25 3 0 0 0 -1 -1 1 -1 -1 -1 -1 -1
V 1100 1600 25 3 0 0 0 -1 -1 1 -1 -1 -1 -1 -1
L 1100 1600 1100 1700 3 0 0 0 -1 -1
L 1000 1500 1000 1600 3 0 0 0 -1 -1
L 1100 2100 1100 2500 3 0 0 0 -1 -1
V 1500 1200 25 3 0 0 0 -1 -1 1 -1 -1 -1 -1 -1
V 1500 600 25 3 0 0 0 -1 -1 1 -1 -1 -1 -1 -1
V 2300 1500 25 3 0 0 0 -1 -1 1 -1 -1 -1 -1 -1
L 1300 1900 1200 1900 3 0 0 0 -1 -1
L 1200 1600 1200 1900 3 0 0 0 -1 -1
V 1200 1600 25 3 0 0 0 -1 -1 1 -1 -1 -1 -1 -1
L 1000 1100 1000 1000 3 0 0 0 -1 -1
L 925 1000 1075 1000 3 0 0 0 -1 -1
L 950 975 1050 975 3 0 0 0 -1 -1
L 975 950 1025 950 3 0 0 0 -1 -1
P 1100 2800 1100 2500 1 0 0
{
T 1050 2600 5 8 1 1 90 0 1
pinnumber=@p6@
T 1150 2600 5 8 0 1 90 2 1
pinseq=@ps6@
T 1075 2450 9 8 1 1 90 6 1
pinlabel=VCC
T 1100 2450 5 8 0 1 90 8 1
pintype=pwr
}
T 2000 1100 9 5 1 0 0 4 1
10k
T 1650 900 9 5 1 0 0 4 1
10k
T 950 1900 9 5 1 0 0 4 1
50k
T 850 1300 9 5 1 0 0 4 1
50k
