v 20090328 2
B 600 0 2200 2700 3 0 0 0 -1 -1 0 -1 -1 -1 -1 -1
T 3650 1500 5 10 0 0 0 0 1
device=@device@
T 1100 425 8 10 1 1 0 0 1
refdes=U?
T 3650 1100 5 10 0 0 0 0 1
footprint=@footprint@
T 3650 1900 5 10 0 0 0 0 1
numslots=0
T 3650 1700 5 10 0 0 0 0 1
symversion=1.0
T 3650 900 5 10 0 0 0 0 1
description=Low-Cost, Mono, 1.4W BTL Audio Power Amplifiers
T 1100 265 9 10 1 1 0 0 1
@device@
P 300 700 600 700 1 0 0
{
T 500 750 5 8 1 1 0 6 1
pinnumber=@p4@
T 500 650 5 8 0 1 0 8 1
pinseq=@ps4@
T 650 550 9 8 1 1 0 0 1
pinlabel=IN-
T 650 700 5 8 0 1 0 2 1
pintype=in
}
T 3650 1300 5 10 0 0 0 0 1
vendor=@vendor@
T 3650 700 5 10 0 0 0 0 1
documentation=http://datasheets.maxim-ic.com/en/ds/MAX9716-MAX9717.pdf
P 3100 1700 2800 1700 1 0 0
{
T 2895 1745 5 8 1 1 0 0 1
pinnumber=@p8@
T 2900 1650 5 8 0 1 0 2 1
pinseq=@ps8@
T 2795 1745 9 8 1 1 0 6 1
pinlabel=OUT-
T 2750 1700 5 8 0 1 0 8 1
pintype=out
}
L 1100 2300 1100 2250 3 0 0 0 -1 -1
L 1100 2250 1150 2225 3 0 0 0 -1 -1
L 1150 2225 1050 2175 3 0 0 0 -1 -1
L 1150 2125 1050 2175 3 0 0 0 -1 -1
L 1150 2125 1050 2075 3 0 0 0 -1 -1
L 1050 2075 1150 2025 3 0 0 0 -1 -1
L 1050 1975 1150 2025 3 0 0 0 -1 -1
L 1050 1975 1100 1950 3 0 0 0 -1 -1
L 1100 1950 1100 1900 3 0 0 0 -1 -1
L 1000 1700 1000 1650 3 0 0 0 -1 -1
L 1000 1650 1050 1625 3 0 0 0 -1 -1
L 1050 1625 950 1575 3 0 0 0 -1 -1
L 1050 1525 950 1575 3 0 0 0 -1 -1
L 1050 1525 950 1475 3 0 0 0 -1 -1
L 950 1475 1050 1425 3 0 0 0 -1 -1
L 950 1375 1050 1425 3 0 0 0 -1 -1
L 950 1375 1000 1350 3 0 0 0 -1 -1
L 1000 1350 1000 1300 3 0 0 0 -1 -1
L 1800 1400 1850 1400 3 0 0 0 -1 -1
L 1850 1400 1875 1450 3 0 0 0 -1 -1
L 1875 1450 1925 1350 3 0 0 0 -1 -1
L 1925 1350 1975 1450 3 0 0 0 -1 -1
L 1975 1450 2025 1350 3 0 0 0 -1 -1
L 2025 1350 2075 1450 3 0 0 0 -1 -1
L 2075 1450 2125 1350 3 0 0 0 -1 -1
L 2125 1350 2150 1400 3 0 0 0 -1 -1
L 2150 1400 2200 1400 3 0 0 0 -1 -1
L 1500 1300 1500 1250 3 0 0 0 -1 -1
L 1500 1250 1550 1225 3 0 0 0 -1 -1
L 1550 1225 1450 1175 3 0 0 0 -1 -1
L 1550 1125 1450 1175 3 0 0 0 -1 -1
L 1550 1125 1450 1075 3 0 0 0 -1 -1
L 1450 1075 1550 1025 3 0 0 0 -1 -1
L 1450 975 1550 1025 3 0 0 0 -1 -1
L 1450 975 1500 950 3 0 0 0 -1 -1
L 1500 950 1500 900 3 0 0 0 -1 -1
L 1700 1500 1700 1900 3 0 0 0 -1 -1
L 1700 1900 2100 1700 3 0 0 0 -1 -1
L 2100 1700 1700 1500 3 0 0 0 -1 -1
L 1775 1600 1725 1600 3 0 0 0 -1 -1
L 1725 1800 1775 1800 3 0 0 0 -1 -1
L 1750 1825 1750 1775 3 0 0 0 -1 -1
L 1700 1600 1500 1600 3 0 0 0 -1 -1
L 1500 1600 1500 1300 3 0 0 0 -1 -1
L 1800 1400 1500 1400 3 0 0 0 -1 -1
L 2100 1700 2800 1700 3 0 0 0 -1 -1
L 2300 1700 2300 1400 3 0 0 0 -1 -1
L 2300 1400 2200 1400 3 0 0 0 -1 -1
L 1000 600 1000 1000 3 0 0 0 -1 -1
L 1000 1000 1400 800 3 0 0 0 -1 -1
L 1400 800 1000 600 3 0 0 0 -1 -1
L 1075 700 1025 700 3 0 0 0 -1 -1
L 1025 900 1075 900 3 0 0 0 -1 -1
L 1050 925 1050 875 3 0 0 0 -1 -1
L 1400 800 2800 800 3 0 0 0 -1 -1
L 1500 900 1500 800 3 0 0 0 -1 -1
L 1700 1800 600 1800 3 0 0 0 -1 -1
L 1000 900 800 900 3 0 0 0 -1 -1
L 1000 700 600 700 3 0 0 0 -1 -1
B 1300 1950 1000 300 3 0 0 0 -1 -1 0 -1 -1 -1 -1 -1
T 1800 2100 9 5 1 0 0 4 2
CLICKLESS/POPLESS
SHUTDOWN CONTROL
P 3100 800 2800 800 1 0 0
{
T 2895 845 5 8 1 1 0 0 1
pinnumber=@p5@
T 2900 750 5 8 0 1 0 2 1
pinseq=@ps4@
T 2795 845 9 8 1 1 0 6 1
pinlabel=OUT+
T 2750 800 5 8 0 1 0 8 1
pintype=out
}
P 3100 2100 2800 2100 1 0 0
{
T 2895 2145 5 8 1 1 0 0 1
pinnumber=@p1@
T 2900 2050 5 8 0 1 0 2 1
pinseq=@ps1@
T 2795 2145 9 8 1 1 0 6 1
pinlabel=SHDN
T 2750 2100 5 8 0 1 0 8 1
pintype=out
}
L 2800 2100 2300 2100 3 0 0 0 -1 -1
P 3100 400 2800 400 1 0 0
{
T 2895 445 5 8 1 1 0 0 1
pinnumber=@p7@
T 2900 350 5 8 0 1 0 2 1
pinseq=@ps7@
T 2795 445 9 8 1 1 0 6 1
pinlabel=GND
T 2750 400 5 8 0 1 0 8 1
pintype=pwr
}
P 300 1800 600 1800 1 0 0
{
T 500 1850 5 8 1 1 0 6 1
pinnumber=@p2@
T 500 1750 5 8 0 1 0 8 1
pinseq=@ps2@
T 650 1850 9 8 1 1 0 0 1
pinlabel=BIAS
T 650 1800 5 8 0 1 0 2 1
pintype=in
}
V 1000 1800 25 3 0 0 0 -1 -1 1 -1 -1 -1 -1 -1
V 1100 1800 25 3 0 0 0 -1 -1 1 -1 -1 -1 -1 -1
L 1100 1800 1100 1900 3 0 0 0 -1 -1
L 1000 1700 1000 1800 3 0 0 0 -1 -1
L 1100 2300 1100 2700 3 0 0 0 -1 -1
V 1500 1400 25 3 0 0 0 -1 -1 1 -1 -1 -1 -1 -1
V 1500 800 25 3 0 0 0 -1 -1 1 -1 -1 -1 -1 -1
V 2300 1700 25 3 0 0 0 -1 -1 1 -1 -1 -1 -1 -1
L 1300 2100 1200 2100 3 0 0 0 -1 -1
L 1200 1800 1200 2100 3 0 0 0 -1 -1
V 1200 1800 25 3 0 0 0 -1 -1 1 -1 -1 -1 -1 -1
L 1000 1300 1000 1200 3 0 0 0 -1 -1
L 925 1200 1075 1200 3 0 0 0 -1 -1
L 950 1175 1050 1175 3 0 0 0 -1 -1
L 975 1150 1025 1150 3 0 0 0 -1 -1
P 1100 3000 1100 2700 1 0 0
{
T 1050 2800 5 8 1 1 90 0 1
pinnumber=@p6@
T 1150 2800 5 8 0 1 90 2 1
pinseq=@ps6@
T 1075 2650 9 8 1 1 90 6 1
pinlabel=VCC
T 1100 2650 5 8 0 1 90 8 1
pintype=pwr
}
T 2000 1300 9 5 1 0 0 4 1
20k
T 1650 1100 9 5 1 0 0 4 1
20k
P 3100 200 2800 200 1 0 0
{
T 2895 245 5 8 1 1 0 0 1
pinnumber=@p9@
T 2900 150 5 8 0 1 0 2 1
pinseq=@ps9@
T 2795 245 9 8 1 1 0 6 1
pinlabel=GND
T 2750 200 5 8 0 1 0 8 1
pintype=pwr
}
P 3100 600 2800 600 1 0 0
{
T 2895 645 5 8 1 1 0 0 1
pinnumber=@p3@
T 2900 550 5 8 0 1 0 2 1
pinseq=@ps3@
T 2795 645 9 8 1 1 0 6 1
pinlabel=\_BTL\_/SE
T 2750 600 5 8 0 1 0 8 1
pintype=in
}
L 800 900 800 1800 3 0 0 0 -1 -1
V 800 1800 25 3 0 0 0 -1 -1 1 -1 -1 -1 -1 -1
