v 20090328 2
T 2450 1000 5 10 0 0 0 0 1
device=@device@
T 0 1125 8 10 1 1 0 0 1
refdes=U?
T 2450 600 5 10 0 0 0 0 1
footprint=@footprint@
T 2450 1400 5 10 0 0 0 0 1
numslots=0
T 2450 1200 5 10 0 0 0 0 1
symversion=1.0
T 2450 400 5 10 0 0 0 0 1
description=1/8" Stereo Phone Jack
T 0 -35 9 10 1 1 0 0 1
@device@
T 2450 800 5 10 0 0 0 0 1
vendor=@vendor@
T 2450 200 5 10 0 0 0 0 1
documentation=http://www.radioshack.com
P 1800 1000 1500 1000 1 0 0
{
T 1595 1045 5 8 1 1 0 0 1
pinnumber=@p5@
T 1600 950 5 8 0 1 0 2 1
pinseq=@ps5@
T 1495 1045 9 8 1 1 0 6 1
pinlabel=T2
T 1450 1000 5 8 0 1 0 8 1
pintype=pas
}
L 100 200 1500 200 3 0 0 0 -1 -1
P 1800 800 1500 800 1 0 0
{
T 1595 845 5 8 1 1 0 0 1
pinnumber=@p4@
T 1600 750 5 8 0 1 0 2 1
pinseq=@ps4@
T 1495 845 9 8 1 1 0 6 1
pinlabel=T2S
T 1450 800 5 8 0 1 0 8 1
pintype=pas
}
P 1800 600 1500 600 1 0 0
{
T 1595 645 5 8 1 1 0 0 1
pinnumber=@p3@
T 1600 550 5 8 0 1 0 2 1
pinseq=@ps3@
T 1495 645 9 8 1 1 0 6 1
pinlabel=T1S
T 1450 600 5 8 0 1 0 8 1
pintype=pas
}
P 1800 400 1500 400 1 0 0
{
T 1595 445 5 8 1 1 0 0 1
pinnumber=@p2@
T 1600 350 5 8 0 1 0 2 1
pinseq=@ps2@
T 1495 445 9 8 1 1 0 6 1
pinlabel=T1
T 1450 400 5 8 0 1 0 8 1
pintype=pas
}
P 1800 200 1500 200 1 0 0
{
T 1595 245 5 8 1 1 0 0 1
pinnumber=@p1@
T 1600 150 5 8 0 1 0 2 1
pinseq=@ps1@
T 1495 245 9 8 1 1 0 6 1
pinlabel=R
T 1450 200 5 8 0 1 0 8 1
pintype=pas
}
L 600 400 1500 400 3 0 0 0 -1 -1
L 800 600 1500 600 3 0 0 0 -1 -1
L 800 800 1500 800 3 0 0 0 -1 -1
L 400 1000 1500 1000 3 0 0 0 -1 -1
L 800 600 800 400 3 0 0 0 -1 -1
L 800 400 900 500 3 0 0 0 -1 -1
L 800 400 700 500 3 0 0 0 -1 -1
L 800 800 800 1000 3 0 0 0 -1 -1
L 800 1000 900 900 3 0 0 0 -1 -1
L 800 1000 700 900 3 0 0 0 -1 -1
L 600 400 500 500 3 0 0 0 -1 -1
L 500 500 400 400 3 0 0 0 -1 -1
L 400 1000 300 900 3 0 0 0 -1 -1
L 300 900 200 1000 3 0 0 0 -1 -1
B 0 200 100 800 3 0 0 0 -1 -1 1 -1 -1 -1 -1 -1
