#Hershey Cyrillic Font v1.0
#ported to gEDA PCB
#by Erich S. Heinzle 2014
#
Symbol[' ' 1800]
(
)
Symbol['!' 1200]
(
	SymbolLine[190 1380 190 2523 800]
	SymbolLine[190 1000 0 1380 800]
	SymbolLine[0 1380 190 3666 800]
	SymbolLine[190 3666 381 1380 800]
	SymbolLine[381 1380 190 1000 800]
	SymbolLine[190 4618 0 4809 800]
	SymbolLine[0 4809 190 4998 800]
	SymbolLine[190 4998 381 4809 800]
	SymbolLine[381 4809 190 4618 800]
)
Symbol['"' 1200]
(
	SymbolLine[190 1000 0 2332 800]
	SymbolLine[381 1000 0 2332 800]
	SymbolLine[1715 1000 1524 2332 800]
	SymbolLine[1904 1000 1524 2332 800]
)
Symbol['#' 1200]
(
	SymbolLine[1573 1000 239 5000 800]
	SymbolLine[2916 1000 1582 5000 800]
	SymbolLine[339 2325 3207 2325 800]
	SymbolLine[0 3675 2866 3675 800]
)
Symbol['$' 1200]
(
	SymbolLine[570 1000 570 4998 800]
	SymbolLine[761 1000 761 4998 800]
	SymbolLine[0 1000 1333 1000 800]
	SymbolLine[761 2904 2095 2904 800]
	SymbolLine[2095 2904 2666 3094 800]
	SymbolLine[2666 3094 2856 3284 800]
	SymbolLine[2856 3284 3047 3666 800]
	SymbolLine[3047 3666 3047 4237 800]
	SymbolLine[3047 4237 2856 4618 800]
	SymbolLine[2856 4618 2666 4809 800]
	SymbolLine[2666 4809 2095 4998 800]
	SymbolLine[2095 4998 0 4998 800]
	SymbolLine[2095 2904 2475 3094 800]
	SymbolLine[2475 3094 2666 3284 800]
	SymbolLine[2666 3284 2856 3666 800]
	SymbolLine[2856 3666 2856 4237 800]
	SymbolLine[2856 4237 2666 4618 800]
	SymbolLine[2666 4618 2475 4809 800]
	SymbolLine[2475 4809 2095 4998 800]
	SymbolLine[4190 1000 4190 4998 800]
	SymbolLine[4380 1000 4380 4998 800]
	SymbolLine[3618 1000 4952 1000 800]
	SymbolLine[3618 4998 4952 4998 800]
)
Symbol['%' 1200]
(
	SymbolLine[572 2333 572 4999 800]
	SymbolLine[761 2333 761 4999 800]
	SymbolLine[2666 2333 2666 4999 800]
	SymbolLine[2856 2333 2856 4999 800]
	SymbolLine[0 2333 1333 2333 800]
	SymbolLine[2095 2333 3429 2333 800]
	SymbolLine[0 4999 3429 4999 800]
	SymbolLine[3429 4999 3429 5951 800]
	SymbolLine[3429 5951 3238 4999 800]
)
Symbol['&' 1200]
(
	SymbolLine[570 2333 570 4999 800]
	SymbolLine[761 2333 761 4999 800]
	SymbolLine[0 2333 1332 2333 800]
	SymbolLine[761 3666 1523 3666 800]
	SymbolLine[1523 3666 2094 3857 800]
	SymbolLine[2094 3857 2284 4237 800]
	SymbolLine[2284 4237 2284 4428 800]
	SymbolLine[2284 4428 2094 4809 800]
	SymbolLine[2094 4809 1523 4999 800]
	SymbolLine[1523 4999 0 4999 800]
	SymbolLine[1523 3666 1904 3857 800]
	SymbolLine[1904 3857 2094 4237 800]
	SymbolLine[2094 4237 2094 4428 800]
	SymbolLine[2094 4428 1904 4809 800]
	SymbolLine[1904 4809 1523 4999 800]
	SymbolLine[3427 2333 3427 4999 800]
	SymbolLine[3618 2333 3618 4999 800]
	SymbolLine[2856 2333 4189 2333 800]
	SymbolLine[2856 4999 4189 4999 800]
)
Symbol[''' 1200]
(
	SymbolLine[570 1000 570 4998 800]
	SymbolLine[761 1000 761 4998 800]
	SymbolLine[3046 1000 3046 4998 800]
	SymbolLine[3237 1000 3237 4998 800]
	SymbolLine[0 1000 1332 1000 800]
	SymbolLine[2475 1000 3809 1000 800]
	SymbolLine[0 4998 3809 4998 800]
	SymbolLine[3618 4998 3809 6332 800]
	SymbolLine[3809 4998 3809 6332 800]
)
Symbol['(' 1200]
(
	SymbolLine[1332 0 952 381 800]
	SymbolLine[952 381 570 952 800]
	SymbolLine[570 952 190 1715 800]
	SymbolLine[190 1715 0 2667 800]
	SymbolLine[0 2667 0 3429 800]
	SymbolLine[0 3429 190 4381 800]
	SymbolLine[190 4381 570 5142 800]
	SymbolLine[570 5142 952 5713 800]
	SymbolLine[952 5713 1332 6095 800]
	SymbolLine[1332 6095 1523 6095 800]
	SymbolLine[1332 0 1523 0 800]
	SymbolLine[1523 0 1143 381 800]
	SymbolLine[1143 381 761 952 800]
	SymbolLine[761 952 380 1715 800]
	SymbolLine[380 1715 190 2667 800]
	SymbolLine[190 2667 190 3429 800]
	SymbolLine[190 3429 380 4381 800]
	SymbolLine[380 4381 761 5142 800]
	SymbolLine[761 5142 1143 5713 800]
	SymbolLine[1143 5713 1523 6095 800]
)
Symbol[')' 1200]
(
	SymbolLine[0 0 381 381 800]
	SymbolLine[381 381 761 952 800]
	SymbolLine[761 952 1143 1715 800]
	SymbolLine[1143 1715 1333 2667 800]
	SymbolLine[1333 2667 1333 3429 800]
	SymbolLine[1333 3429 1143 4381 800]
	SymbolLine[1143 4381 761 5142 800]
	SymbolLine[761 5142 381 5713 800]
	SymbolLine[381 5713 0 6095 800]
	SymbolLine[0 6095 190 6095 800]
	SymbolLine[0 0 190 0 800]
	SymbolLine[190 0 572 381 800]
	SymbolLine[572 381 952 952 800]
	SymbolLine[952 952 1333 1715 800]
	SymbolLine[1333 1715 1524 2667 800]
	SymbolLine[1524 2667 1524 3429 800]
	SymbolLine[1524 3429 1333 4381 800]
	SymbolLine[1333 4381 952 5142 800]
	SymbolLine[952 5142 572 5713 800]
	SymbolLine[572 5713 190 6095 800]
)
Symbol['*' 1200]
(
	SymbolLine[952 1000 952 3286 800]
	SymbolLine[0 1572 1904 2715 800]
	SymbolLine[1904 1572 0 2715 800]
)
Symbol['+' 1200]
(
	SymbolLine[1714 1250 1714 4678 800]
	SymbolLine[0 2964 3428 2964 800]
)
Symbol[',' 1200]
(
	SymbolLine[381 4891 191 5080 800]
	SymbolLine[191 5080 0 4891 800]
	SymbolLine[0 4891 191 4700 800]
	SymbolLine[191 4700 381 4891 800]
	SymbolLine[381 4891 381 5271 800]
	SymbolLine[381 5271 0 5652 800]
)
Symbol['-' 1200]
(
	SymbolLine[0 3000 2500 3000 800]
)
Symbol['.' 1200]
(
	SymbolLine[190 4700 0 4891 800]
	SymbolLine[0 4891 190 5080 800]
	SymbolLine[190 5080 380 4891 800]
	SymbolLine[380 4891 190 4700 800]
)
Symbol['/' 1200]
(
	SymbolLine[2251 1000 0 5000 800]
)
Symbol['0' 1200]
(
	SymbolLine[1141 1000 761 1189 800]
	SymbolLine[761 1189 570 1380 800]
	SymbolLine[570 1380 380 1761 800]
	SymbolLine[380 1761 189 2713 800]
	SymbolLine[189 2713 189 3284 800]
	SymbolLine[189 3284 380 4237 800]
	SymbolLine[380 4237 570 4618 800]
	SymbolLine[570 4618 761 4809 800]
	SymbolLine[761 4809 1141 4998 800]
	SymbolLine[1523 4998 1904 4809 800]
	SymbolLine[1904 4809 2094 4618 800]
	SymbolLine[2094 4618 2284 4237 800]
	SymbolLine[2284 4237 2475 3284 800]
	SymbolLine[2475 3284 2475 2713 800]
	SymbolLine[2475 2713 2284 1761 800]
	SymbolLine[2284 1761 2094 1380 800]
	SymbolLine[2094 1380 1904 1189 800]
	SymbolLine[1904 1189 1523 1000 800]
	SymbolLine[1141 1000 570 1189 800]
	SymbolLine[570 1189 189 1761 800]
	SymbolLine[189 1761 0 2713 800]
	SymbolLine[0 2713 0 3284 800]
	SymbolLine[0 3284 189 4237 800]
	SymbolLine[189 4237 570 4809 800]
	SymbolLine[570 4809 1141 4998 800]
	SymbolLine[1141 4998 1523 4998 800]
	SymbolLine[1523 4998 2094 4809 800]
	SymbolLine[2094 4809 2475 4237 800]
	SymbolLine[2475 4237 2666 3284 800]
	SymbolLine[2666 3284 2666 2713 800]
	SymbolLine[2666 2713 2475 1761 800]
	SymbolLine[2475 1761 2094 1189 800]
	SymbolLine[2094 1189 1523 1000 800]
	SymbolLine[1523 1000 1141 1000 800]
)
Symbol['1' 1200]
(
	SymbolLine[0 1761 381 1570 800]
	SymbolLine[381 1570 952 1000 800]
	SymbolLine[952 1000 952 4998 800]
	SymbolLine[761 1189 761 4998 800]
	SymbolLine[0 4998 1713 4998 800]
)
Symbol['2' 1200]
(
	SymbolLine[189 1761 380 1952 800]
	SymbolLine[380 1952 189 2141 800]
	SymbolLine[189 2141 0 1952 800]
	SymbolLine[0 1952 0 1761 800]
	SymbolLine[0 1761 189 1380 800]
	SymbolLine[189 1380 380 1189 800]
	SymbolLine[380 1189 952 1000 800]
	SymbolLine[952 1000 1713 1000 800]
	SymbolLine[1713 1000 2284 1189 800]
	SymbolLine[2284 1189 2475 1380 800]
	SymbolLine[2475 1380 2666 1761 800]
	SymbolLine[2666 1761 2666 2141 800]
	SymbolLine[2666 2141 2475 2523 800]
	SymbolLine[2475 2523 1904 2904 800]
	SymbolLine[1904 2904 952 3284 800]
	SymbolLine[952 3284 570 3475 800]
	SymbolLine[570 3475 189 3856 800]
	SymbolLine[189 3856 0 4427 800]
	SymbolLine[0 4427 0 4998 800]
	SymbolLine[1713 1000 2094 1189 800]
	SymbolLine[2094 1189 2284 1380 800]
	SymbolLine[2284 1380 2475 1761 800]
	SymbolLine[2475 1761 2475 2141 800]
	SymbolLine[2475 2141 2284 2523 800]
	SymbolLine[2284 2523 1713 2904 800]
	SymbolLine[1713 2904 952 3284 800]
	SymbolLine[0 4618 189 4427 800]
	SymbolLine[189 4427 570 4427 800]
	SymbolLine[570 4427 1523 4809 800]
	SymbolLine[1523 4809 2094 4809 800]
	SymbolLine[2094 4809 2475 4618 800]
	SymbolLine[2475 4618 2666 4427 800]
	SymbolLine[570 4427 1523 4998 800]
	SymbolLine[1523 4998 2284 4998 800]
	SymbolLine[2284 4998 2475 4809 800]
	SymbolLine[2475 4809 2666 4427 800]
	SymbolLine[2666 4427 2666 4046 800]
)
Symbol['3' 1200]
(
	SymbolLine[189 1761 380 1952 800]
	SymbolLine[380 1952 189 2141 800]
	SymbolLine[189 2141 0 1952 800]
	SymbolLine[0 1952 0 1761 800]
	SymbolLine[0 1761 189 1380 800]
	SymbolLine[189 1380 380 1189 800]
	SymbolLine[380 1189 952 1000 800]
	SymbolLine[952 1000 1713 1000 800]
	SymbolLine[1713 1000 2284 1189 800]
	SymbolLine[2284 1189 2475 1570 800]
	SymbolLine[2475 1570 2475 2141 800]
	SymbolLine[2475 2141 2284 2523 800]
	SymbolLine[2284 2523 1713 2713 800]
	SymbolLine[1713 2713 1141 2713 800]
	SymbolLine[1713 1000 2094 1189 800]
	SymbolLine[2094 1189 2284 1570 800]
	SymbolLine[2284 1570 2284 2141 800]
	SymbolLine[2284 2141 2094 2523 800]
	SymbolLine[2094 2523 1713 2713 800]
	SymbolLine[1713 2713 2094 2904 800]
	SymbolLine[2094 2904 2475 3284 800]
	SymbolLine[2475 3284 2666 3666 800]
	SymbolLine[2666 3666 2666 4237 800]
	SymbolLine[2666 4237 2475 4618 800]
	SymbolLine[2475 4618 2284 4809 800]
	SymbolLine[2284 4809 1713 4998 800]
	SymbolLine[1713 4998 952 4998 800]
	SymbolLine[952 4998 380 4809 800]
	SymbolLine[380 4809 189 4618 800]
	SymbolLine[189 4618 0 4237 800]
	SymbolLine[0 4237 0 4046 800]
	SymbolLine[0 4046 189 3856 800]
	SymbolLine[189 3856 380 4046 800]
	SymbolLine[380 4046 189 4237 800]
	SymbolLine[2284 3094 2475 3666 800]
	SymbolLine[2475 3666 2475 4237 800]
	SymbolLine[2475 4237 2284 4618 800]
	SymbolLine[2284 4618 2094 4809 800]
	SymbolLine[2094 4809 1713 4998 800]
)
Symbol['4' 1200]
(
	SymbolLine[1904 1380 1904 4998 800]
	SymbolLine[2095 1000 2095 4998 800]
	SymbolLine[2095 1000 0 3856 800]
	SymbolLine[0 3856 3047 3856 800]
	SymbolLine[1333 4998 2666 4998 800]
)
Symbol['5' 1200]
(
	SymbolLine[381 1000 0 2904 800]
	SymbolLine[0 2904 381 2523 800]
	SymbolLine[381 2523 952 2332 800]
	SymbolLine[952 2332 1523 2332 800]
	SymbolLine[1523 2332 2095 2523 800]
	SymbolLine[2095 2523 2475 2904 800]
	SymbolLine[2475 2904 2666 3475 800]
	SymbolLine[2666 3475 2666 3856 800]
	SymbolLine[2666 3856 2475 4427 800]
	SymbolLine[2475 4427 2095 4809 800]
	SymbolLine[2095 4809 1523 4998 800]
	SymbolLine[1523 4998 952 4998 800]
	SymbolLine[952 4998 381 4809 800]
	SymbolLine[381 4809 190 4618 800]
	SymbolLine[190 4618 0 4237 800]
	SymbolLine[0 4237 0 4046 800]
	SymbolLine[0 4046 190 3856 800]
	SymbolLine[190 3856 381 4046 800]
	SymbolLine[381 4046 190 4237 800]
	SymbolLine[1523 2332 1904 2523 800]
	SymbolLine[1904 2523 2286 2904 800]
	SymbolLine[2286 2904 2475 3475 800]
	SymbolLine[2475 3475 2475 3856 800]
	SymbolLine[2475 3856 2286 4427 800]
	SymbolLine[2286 4427 1904 4809 800]
	SymbolLine[1904 4809 1523 4998 800]
	SymbolLine[381 1000 2286 1000 800]
	SymbolLine[381 1189 1333 1189 800]
	SymbolLine[1333 1189 2286 1000 800]
)
Symbol['6' 1200]
(
	SymbolLine[2286 1570 2095 1761 800]
	SymbolLine[2095 1761 2286 1952 800]
	SymbolLine[2286 1952 2475 1761 800]
	SymbolLine[2475 1761 2475 1570 800]
	SymbolLine[2475 1570 2286 1189 800]
	SymbolLine[2286 1189 1904 1000 800]
	SymbolLine[1904 1000 1333 1000 800]
	SymbolLine[1333 1000 761 1189 800]
	SymbolLine[761 1189 381 1570 800]
	SymbolLine[381 1570 190 1952 800]
	SymbolLine[190 1952 0 2713 800]
	SymbolLine[0 2713 0 3856 800]
	SymbolLine[0 3856 190 4427 800]
	SymbolLine[190 4427 570 4809 800]
	SymbolLine[570 4809 1143 4998 800]
	SymbolLine[1143 4998 1523 4998 800]
	SymbolLine[1523 4998 2095 4809 800]
	SymbolLine[2095 4809 2475 4427 800]
	SymbolLine[2475 4427 2666 3856 800]
	SymbolLine[2666 3856 2666 3666 800]
	SymbolLine[2666 3666 2475 3094 800]
	SymbolLine[2475 3094 2095 2713 800]
	SymbolLine[2095 2713 1523 2523 800]
	SymbolLine[1523 2523 1333 2523 800]
	SymbolLine[1333 2523 761 2713 800]
	SymbolLine[761 2713 381 3094 800]
	SymbolLine[381 3094 190 3666 800]
	SymbolLine[1333 1000 952 1189 800]
	SymbolLine[952 1189 570 1570 800]
	SymbolLine[570 1570 381 1952 800]
	SymbolLine[381 1952 190 2713 800]
	SymbolLine[190 2713 190 3856 800]
	SymbolLine[190 3856 381 4427 800]
	SymbolLine[381 4427 761 4809 800]
	SymbolLine[761 4809 1143 4998 800]
	SymbolLine[1523 4998 1904 4809 800]
	SymbolLine[1904 4809 2286 4427 800]
	SymbolLine[2286 4427 2475 3856 800]
	SymbolLine[2475 3856 2475 3666 800]
	SymbolLine[2475 3666 2286 3094 800]
	SymbolLine[2286 3094 1904 2713 800]
	SymbolLine[1904 2713 1523 2523 800]
)
Symbol['7' 1200]
(
	SymbolLine[0 1000 0 2141 800]
	SymbolLine[0 1761 190 1380 800]
	SymbolLine[190 1380 570 1000 800]
	SymbolLine[570 1000 952 1000 800]
	SymbolLine[952 1000 1904 1570 800]
	SymbolLine[1904 1570 2286 1570 800]
	SymbolLine[2286 1570 2475 1380 800]
	SymbolLine[2475 1380 2666 1000 800]
	SymbolLine[190 1380 570 1189 800]
	SymbolLine[570 1189 952 1189 800]
	SymbolLine[952 1189 1904 1570 800]
	SymbolLine[2666 1000 2666 1570 800]
	SymbolLine[2666 1570 2475 2141 800]
	SymbolLine[2475 2141 1713 3094 800]
	SymbolLine[1713 3094 1523 3475 800]
	SymbolLine[1523 3475 1333 4046 800]
	SymbolLine[1333 4046 1333 4998 800]
	SymbolLine[2475 2141 1523 3094 800]
	SymbolLine[1523 3094 1333 3475 800]
	SymbolLine[1333 3475 1143 4046 800]
	SymbolLine[1143 4046 1143 4998 800]
)
Symbol['8' 1200]
(
	SymbolLine[952 1000 570 1189 800]
	SymbolLine[570 1189 381 1570 800]
	SymbolLine[381 1570 381 2141 800]
	SymbolLine[381 2141 570 2523 800]
	SymbolLine[570 2523 952 2713 800]
	SymbolLine[1713 2713 2095 2523 800]
	SymbolLine[2095 2523 2286 2141 800]
	SymbolLine[2286 2141 2286 1570 800]
	SymbolLine[2286 1570 2095 1189 800]
	SymbolLine[2095 1189 1713 1000 800]
	SymbolLine[952 2713 381 2904 800]
	SymbolLine[381 2904 190 3094 800]
	SymbolLine[190 3094 0 3475 800]
	SymbolLine[0 3475 0 4237 800]
	SymbolLine[0 4237 190 4618 800]
	SymbolLine[190 4618 381 4809 800]
	SymbolLine[381 4809 952 4998 800]
	SymbolLine[952 4998 1713 4998 800]
	SymbolLine[1713 4998 2286 4809 800]
	SymbolLine[2286 4809 2475 4618 800]
	SymbolLine[2475 4618 2666 4237 800]
	SymbolLine[2666 4237 2666 3475 800]
	SymbolLine[2666 3475 2475 3094 800]
	SymbolLine[2475 3094 2286 2904 800]
	SymbolLine[2286 2904 1713 2713 800]
	SymbolLine[952 2713 570 2904 800]
	SymbolLine[570 2904 381 3094 800]
	SymbolLine[381 3094 190 3475 800]
	SymbolLine[190 3475 190 4237 800]
	SymbolLine[190 4237 381 4618 800]
	SymbolLine[381 4618 570 4809 800]
	SymbolLine[570 4809 952 4998 800]
	SymbolLine[1713 4998 2095 4809 800]
	SymbolLine[2095 4809 2286 4618 800]
	SymbolLine[2286 4618 2475 4237 800]
	SymbolLine[2475 4237 2475 3475 800]
	SymbolLine[2475 3475 2286 3094 800]
	SymbolLine[2286 3094 2095 2904 800]
	SymbolLine[2095 2904 1713 2713 800]
	SymbolLine[952 1000 381 1189 800]
	SymbolLine[381 1189 190 1570 800]
	SymbolLine[190 1570 190 2141 800]
	SymbolLine[190 2141 381 2523 800]
	SymbolLine[381 2523 952 2713 800]
	SymbolLine[952 2713 1713 2713 800]
	SymbolLine[1713 2713 2286 2523 800]
	SymbolLine[2286 2523 2475 2141 800]
	SymbolLine[2475 2141 2475 1570 800]
	SymbolLine[2475 1570 2286 1189 800]
	SymbolLine[2286 1189 1713 1000 800]
	SymbolLine[1713 1000 952 1000 800]
)
Symbol['9' 1200]
(
	SymbolLine[2475 2332 2286 2904 800]
	SymbolLine[2286 2904 1904 3284 800]
	SymbolLine[1904 3284 1333 3475 800]
	SymbolLine[1333 3475 1143 3475 800]
	SymbolLine[1143 3475 570 3284 800]
	SymbolLine[570 3284 190 2904 800]
	SymbolLine[190 2904 0 2332 800]
	SymbolLine[0 2332 0 2141 800]
	SymbolLine[0 2141 190 1570 800]
	SymbolLine[190 1570 570 1189 800]
	SymbolLine[570 1189 1143 1000 800]
	SymbolLine[1143 1000 1523 1000 800]
	SymbolLine[1523 1000 2095 1189 800]
	SymbolLine[2095 1189 2475 1570 800]
	SymbolLine[2475 1570 2666 2141 800]
	SymbolLine[2666 2141 2666 3284 800]
	SymbolLine[2666 3284 2475 4046 800]
	SymbolLine[2475 4046 2286 4427 800]
	SymbolLine[2286 4427 1904 4809 800]
	SymbolLine[1904 4809 1333 4998 800]
	SymbolLine[1333 4998 761 4998 800]
	SymbolLine[761 4998 381 4809 800]
	SymbolLine[381 4809 190 4427 800]
	SymbolLine[190 4427 190 4237 800]
	SymbolLine[190 4237 381 4046 800]
	SymbolLine[381 4046 570 4237 800]
	SymbolLine[570 4237 381 4427 800]
	SymbolLine[1143 3475 761 3284 800]
	SymbolLine[761 3284 381 2904 800]
	SymbolLine[381 2904 190 2332 800]
	SymbolLine[190 2332 190 2141 800]
	SymbolLine[190 2141 381 1570 800]
	SymbolLine[381 1570 761 1189 800]
	SymbolLine[761 1189 1143 1000 800]
	SymbolLine[1523 1000 1904 1189 800]
	SymbolLine[1904 1189 2286 1570 800]
	SymbolLine[2286 1570 2475 2141 800]
	SymbolLine[2475 2141 2475 3284 800]
	SymbolLine[2475 3284 2286 4046 800]
	SymbolLine[2286 4046 2095 4427 800]
	SymbolLine[2095 4427 1713 4809 800]
	SymbolLine[1713 4809 1333 4998 800]
)
Symbol[':' 1200]
(
	SymbolLine[190 3400 0 3591 800]
	SymbolLine[0 3591 190 3781 800]
	SymbolLine[190 3781 380 3591 800]
	SymbolLine[380 3591 190 3400 800]
	SymbolLine[190 4734 0 4925 800]
	SymbolLine[0 4925 190 5114 800]
	SymbolLine[190 5114 380 4925 800]
	SymbolLine[380 4925 190 4734 800]
)
Symbol[';' 1200]
(
	SymbolLine[191 3400 0 3591 800]
	SymbolLine[0 3591 191 3781 800]
	SymbolLine[191 3781 380 3591 800]
	SymbolLine[380 3591 191 3400 800]
	SymbolLine[380 4925 191 5114 800]
	SymbolLine[191 5114 0 4925 800]
	SymbolLine[0 4925 191 4734 800]
	SymbolLine[191 4734 380 4925 800]
	SymbolLine[380 4925 380 5305 800]
	SymbolLine[380 5305 0 5686 800]
)
Symbol['<' 1200]
(
	SymbolLine[2540 1000 0 3001 800]
	SymbolLine[0 3001 2540 5000 800]
)
Symbol['=' 1200]
(
	SymbolLine[0 2400 2500 2400 800]
	SymbolLine[0 3600 2500 3600 800]
)
Symbol['>' 1200]
(
	SymbolLine[0 1000 2540 3001 800]
	SymbolLine[2540 3001 0 5000 800]
)
Symbol['?' 1200]
(
	SymbolLine[190 1761 380 1952 800]
	SymbolLine[380 1952 190 2141 800]
	SymbolLine[190 2141 0 1952 800]
	SymbolLine[0 1952 0 1761 800]
	SymbolLine[0 1761 190 1380 800]
	SymbolLine[190 1380 380 1189 800]
	SymbolLine[380 1189 761 1000 800]
	SymbolLine[761 1000 1332 1000 800]
	SymbolLine[1332 1000 1904 1189 800]
	SymbolLine[1904 1189 2095 1380 800]
	SymbolLine[2095 1380 2284 1761 800]
	SymbolLine[2284 1761 2284 2141 800]
	SymbolLine[2284 2141 2095 2523 800]
	SymbolLine[2095 2523 1904 2713 800]
	SymbolLine[1904 2713 1143 3094 800]
	SymbolLine[1143 3094 1143 3666 800]
	SymbolLine[1332 1000 1713 1189 800]
	SymbolLine[1713 1189 1904 1380 800]
	SymbolLine[1904 1380 2095 1761 800]
	SymbolLine[2095 1761 2095 2141 800]
	SymbolLine[2095 2141 1904 2523 800]
	SymbolLine[1904 2523 1523 2904 800]
	SymbolLine[1143 4618 952 4809 800]
	SymbolLine[952 4809 1143 4998 800]
	SymbolLine[1143 4998 1332 4809 800]
	SymbolLine[1332 4809 1143 4618 800]
)
Symbol['@' 1200]
(
	SymbolLine[3751 3000 3500 2499 800]
	SymbolLine[3500 2499 3001 2250 800]
	SymbolLine[3001 2250 2250 2250 800]
	SymbolLine[2250 2250 1751 2499 800]
	SymbolLine[1751 2499 1500 2750 800]
	SymbolLine[1500 2750 1250 3501 800]
	SymbolLine[1250 3501 1250 4250 800]
	SymbolLine[1250 4250 1500 4751 800]
	SymbolLine[1500 4751 2001 5000 800]
	SymbolLine[2001 5000 2751 5000 800]
	SymbolLine[2751 5000 3251 4751 800]
	SymbolLine[3251 4751 3500 4250 800]
	SymbolLine[2250 2250 1751 2750 800]
	SymbolLine[1751 2750 1500 3501 800]
	SymbolLine[1500 3501 1500 4250 800]
	SymbolLine[1500 4250 1751 4751 800]
	SymbolLine[1751 4751 2001 5000 800]
	SymbolLine[3751 2250 3500 4250 800]
	SymbolLine[3500 4250 3500 4751 800]
	SymbolLine[3500 4751 4001 5000 800]
	SymbolLine[4001 5000 4502 5000 800]
	SymbolLine[4502 5000 5001 4501 800]
	SymbolLine[5001 4501 5251 3750 800]
	SymbolLine[5251 3750 5251 3250 800]
	SymbolLine[5251 3250 5001 2499 800]
	SymbolLine[5001 2499 4751 2000 800]
	SymbolLine[4751 2000 4251 1499 800]
	SymbolLine[4251 1499 3751 1249 800]
	SymbolLine[3751 1249 3001 1000 800]
	SymbolLine[3001 1000 2250 1000 800]
	SymbolLine[2250 1000 1500 1249 800]
	SymbolLine[1500 1249 1000 1499 800]
	SymbolLine[1000 1499 501 2000 800]
	SymbolLine[501 2000 250 2499 800]
	SymbolLine[250 2499 0 3250 800]
	SymbolLine[0 3250 0 4000 800]
	SymbolLine[0 4000 250 4751 800]
	SymbolLine[250 4751 501 5250 800]
	SymbolLine[501 5250 1000 5751 800]
	SymbolLine[1000 5751 1500 6001 800]
	SymbolLine[1500 6001 2250 6250 800]
	SymbolLine[2250 6250 3001 6250 800]
	SymbolLine[3001 6250 3751 6001 800]
	SymbolLine[3751 6001 4251 5751 800]
	SymbolLine[4251 5751 4502 5501 800]
	SymbolLine[4001 2250 3751 4250 800]
	SymbolLine[3751 4250 3751 4751 800]
	SymbolLine[3751 4751 4001 5000 800]
)
Symbol['A' 1200]
(
	SymbolLine[1713 1000 381 4998 800]
	SymbolLine[1713 1000 3047 4998 800]
	SymbolLine[1713 1570 2856 4998 800]
	SymbolLine[761 3856 2476 3856 800]
	SymbolLine[0 4998 1143 4998 800]
	SymbolLine[2286 4998 3429 4998 800]
)
Symbol['B' 1200]
(
	SymbolLine[570 1000 570 4998 800]
	SymbolLine[761 1000 761 4998 800]
	SymbolLine[0 1000 3047 1000 800]
	SymbolLine[3047 1000 3047 2141 800]
	SymbolLine[3047 2141 2856 1000 800]
	SymbolLine[761 2904 2284 2904 800]
	SymbolLine[2284 2904 2856 3094 800]
	SymbolLine[2856 3094 3047 3284 800]
	SymbolLine[3047 3284 3237 3666 800]
	SymbolLine[3237 3666 3237 4237 800]
	SymbolLine[3237 4237 3047 4618 800]
	SymbolLine[3047 4618 2856 4809 800]
	SymbolLine[2856 4809 2284 4998 800]
	SymbolLine[2284 4998 0 4998 800]
	SymbolLine[2284 2904 2666 3094 800]
	SymbolLine[2666 3094 2856 3284 800]
	SymbolLine[2856 3284 3047 3666 800]
	SymbolLine[3047 3666 3047 4237 800]
	SymbolLine[3047 4237 2856 4618 800]
	SymbolLine[2856 4618 2666 4809 800]
	SymbolLine[2666 4809 2284 4998 800]
)
Symbol['C' 1200]
(
	SymbolLine[190 1570 0 1000 800]
	SymbolLine[0 1000 0 2141 800]
	SymbolLine[0 2141 190 1570 800]
	SymbolLine[190 1570 570 1189 800]
	SymbolLine[570 1189 1143 1000 800]
	SymbolLine[1143 1000 1523 1000 800]
	SymbolLine[1523 1000 2095 1189 800]
	SymbolLine[2095 1189 2475 1570 800]
	SymbolLine[2475 1570 2666 1952 800]
	SymbolLine[2666 1952 2856 2523 800]
	SymbolLine[2856 2523 2856 3475 800]
	SymbolLine[2856 3475 2666 4046 800]
	SymbolLine[2666 4046 2475 4427 800]
	SymbolLine[2475 4427 2095 4809 800]
	SymbolLine[2095 4809 1523 4998 800]
	SymbolLine[1523 4998 952 4998 800]
	SymbolLine[952 4998 381 4809 800]
	SymbolLine[381 4809 190 4618 800]
	SymbolLine[190 4618 0 4237 800]
	SymbolLine[0 4237 0 4046 800]
	SymbolLine[0 4046 190 3856 800]
	SymbolLine[190 3856 381 4046 800]
	SymbolLine[381 4046 190 4237 800]
	SymbolLine[1523 1000 1904 1189 800]
	SymbolLine[1904 1189 2286 1570 800]
	SymbolLine[2286 1570 2475 1952 800]
	SymbolLine[2475 1952 2666 2523 800]
	SymbolLine[2666 2523 2666 3475 800]
	SymbolLine[2666 3475 2475 4046 800]
	SymbolLine[2475 4046 2286 4427 800]
	SymbolLine[2286 4427 1904 4809 800]
	SymbolLine[1904 4809 1523 4998 800]
	SymbolLine[952 2904 2666 2904 800]
)
Symbol['D' 1200]
(
	SymbolLine[1333 1000 1333 2141 800]
	SymbolLine[1333 2141 1143 3666 800]
	SymbolLine[1143 3666 952 4427 800]
	SymbolLine[952 4427 761 4809 800]
	SymbolLine[761 4809 570 4998 800]
	SymbolLine[3238 1000 3238 4998 800]
	SymbolLine[3427 1000 3427 4998 800]
	SymbolLine[761 1000 3999 1000 800]
	SymbolLine[0 4998 3999 4998 800]
	SymbolLine[0 4998 0 6332 800]
	SymbolLine[190 4998 0 6332 800]
	SymbolLine[3809 4998 3999 6332 800]
	SymbolLine[3999 4998 3999 6332 800]
)
Symbol['E' 1200]
(
	SymbolLine[572 1000 572 4998 800]
	SymbolLine[761 1000 761 4998 800]
	SymbolLine[3047 1000 3047 4998 800]
	SymbolLine[3238 1000 3238 4998 800]
	SymbolLine[0 1000 1333 1000 800]
	SymbolLine[2476 1000 3809 1000 800]
	SymbolLine[3047 1380 761 4618 800]
	SymbolLine[0 4998 1333 4998 800]
	SymbolLine[2476 4998 3809 4998 800]
)
Symbol['F' 1200]
(
	SymbolLine[1713 1000 1713 4998 800]
	SymbolLine[1904 1000 1904 4998 800]
	SymbolLine[1141 1000 2475 1000 800]
	SymbolLine[1332 1570 761 1761 800]
	SymbolLine[761 1761 380 2141 800]
	SymbolLine[380 2141 189 2713 800]
	SymbolLine[189 2713 189 3284 800]
	SymbolLine[189 3284 380 3856 800]
	SymbolLine[380 3856 761 4237 800]
	SymbolLine[761 4237 1332 4427 800]
	SymbolLine[2284 4427 2856 4237 800]
	SymbolLine[2856 4237 3237 3856 800]
	SymbolLine[3237 3856 3427 3284 800]
	SymbolLine[3427 3284 3427 2713 800]
	SymbolLine[3427 2713 3237 2141 800]
	SymbolLine[3237 2141 2856 1761 800]
	SymbolLine[2856 1761 2284 1570 800]
	SymbolLine[1141 4998 2475 4998 800]
	SymbolLine[1332 1570 570 1761 800]
	SymbolLine[570 1761 189 2141 800]
	SymbolLine[189 2141 0 2713 800]
	SymbolLine[0 2713 0 3284 800]
	SymbolLine[0 3284 189 3856 800]
	SymbolLine[189 3856 570 4237 800]
	SymbolLine[570 4237 1332 4427 800]
	SymbolLine[1332 4427 2284 4427 800]
	SymbolLine[2284 4427 3046 4237 800]
	SymbolLine[3046 4237 3427 3856 800]
	SymbolLine[3427 3856 3618 3284 800]
	SymbolLine[3618 3284 3618 2713 800]
	SymbolLine[3618 2713 3427 2141 800]
	SymbolLine[3427 2141 3046 1761 800]
	SymbolLine[3046 1761 2284 1570 800]
	SymbolLine[2284 1570 1332 1570 800]
)
Symbol['G' 1200]
(
	SymbolLine[570 1000 570 4998 800]
	SymbolLine[761 1000 761 4998 800]
	SymbolLine[0 1000 2856 1000 800]
	SymbolLine[2856 1000 2856 2141 800]
	SymbolLine[2856 2141 2666 1000 800]
	SymbolLine[0 4998 1332 4998 800]
)
Symbol['H' 1200]
(
	SymbolLine[2475 1000 2475 4998 800]
	SymbolLine[2666 1000 2666 4998 800]
	SymbolLine[1904 1000 3237 1000 800]
	SymbolLine[380 1189 570 1380 800]
	SymbolLine[570 1380 380 1570 800]
	SymbolLine[380 1570 190 1380 800]
	SymbolLine[190 1380 190 1189 800]
	SymbolLine[190 1189 380 1000 800]
	SymbolLine[380 1000 570 1000 800]
	SymbolLine[570 1000 761 1189 800]
	SymbolLine[761 1189 952 1570 800]
	SymbolLine[952 1570 1143 2332 800]
	SymbolLine[1143 2332 1332 2713 800]
	SymbolLine[1332 2713 1713 2904 800]
	SymbolLine[1713 2904 3427 2904 800]
	SymbolLine[3427 2904 3809 2713 800]
	SymbolLine[3809 2713 4000 2332 800]
	SymbolLine[4000 2332 4189 1570 800]
	SymbolLine[4189 1570 4380 1189 800]
	SymbolLine[4380 1189 4570 1000 800]
	SymbolLine[4570 1000 4761 1000 800]
	SymbolLine[4761 1000 4952 1189 800]
	SymbolLine[4952 1189 4952 1380 800]
	SymbolLine[4952 1380 4761 1570 800]
	SymbolLine[4761 1570 4570 1380 800]
	SymbolLine[4570 1380 4761 1189 800]
	SymbolLine[1713 2904 1332 3094 800]
	SymbolLine[1332 3094 1143 3475 800]
	SymbolLine[1143 3475 952 4427 800]
	SymbolLine[952 4427 761 4809 800]
	SymbolLine[761 4809 570 4998 800]
	SymbolLine[1713 2904 1523 3094 800]
	SymbolLine[1523 3094 1332 3475 800]
	SymbolLine[1332 3475 1143 4427 800]
	SymbolLine[1143 4427 952 4809 800]
	SymbolLine[952 4809 761 4998 800]
	SymbolLine[761 4998 380 4998 800]
	SymbolLine[380 4998 190 4809 800]
	SymbolLine[190 4809 0 4427 800]
	SymbolLine[3427 2904 3809 3094 800]
	SymbolLine[3809 3094 4000 3475 800]
	SymbolLine[4000 3475 4189 4427 800]
	SymbolLine[4189 4427 4380 4809 800]
	SymbolLine[4380 4809 4570 4998 800]
	SymbolLine[3427 2904 3618 3094 800]
	SymbolLine[3618 3094 3809 3475 800]
	SymbolLine[3809 3475 4000 4427 800]
	SymbolLine[4000 4427 4189 4809 800]
	SymbolLine[4189 4809 4380 4998 800]
	SymbolLine[4380 4998 4761 4998 800]
	SymbolLine[4761 4998 4952 4809 800]
	SymbolLine[4952 4809 5141 4427 800]
	SymbolLine[1904 4998 3237 4998 800]
)
Symbol['I' 1200]
(
	SymbolLine[570 1000 570 4998 800]
	SymbolLine[761 1000 761 4998 800]
	SymbolLine[3047 1000 3047 4998 800]
	SymbolLine[3238 1000 3238 4998 800]
	SymbolLine[0 1000 1333 1000 800]
	SymbolLine[2475 1000 3809 1000 800]
	SymbolLine[3047 1380 761 4618 800]
	SymbolLine[0 4998 1333 4998 800]
	SymbolLine[2475 4998 3809 4998 800]
)
Symbol['J' 1200]
(
	SymbolLine[570 1000 570 3094 800]
	SymbolLine[570 3094 761 3475 800]
	SymbolLine[761 3475 1333 3666 800]
	SymbolLine[1333 3666 1904 3666 800]
	SymbolLine[1904 3666 2475 3475 800]
	SymbolLine[2475 3475 2856 3094 800]
	SymbolLine[761 1000 761 3094 800]
	SymbolLine[761 3094 952 3475 800]
	SymbolLine[952 3475 1333 3666 800]
	SymbolLine[2856 1000 2856 4998 800]
	SymbolLine[3047 1000 3047 4998 800]
	SymbolLine[0 1000 1333 1000 800]
	SymbolLine[2286 1000 3618 1000 800]
	SymbolLine[2286 4998 3618 4998 800]
)
Symbol['K' 1200]
(
	SymbolLine[572 1000 572 4998 800]
	SymbolLine[761 1000 761 4998 800]
	SymbolLine[0 1000 1333 1000 800]
	SymbolLine[761 2904 2095 2904 800]
	SymbolLine[2095 2904 2476 2713 800]
	SymbolLine[2476 2713 2666 2332 800]
	SymbolLine[2666 2332 2856 1570 800]
	SymbolLine[2856 1570 3047 1189 800]
	SymbolLine[3047 1189 3238 1000 800]
	SymbolLine[3238 1000 3429 1000 800]
	SymbolLine[3429 1000 3618 1189 800]
	SymbolLine[3618 1189 3618 1380 800]
	SymbolLine[3618 1380 3429 1570 800]
	SymbolLine[3429 1570 3238 1380 800]
	SymbolLine[3238 1380 3429 1189 800]
	SymbolLine[2095 2904 2476 3094 800]
	SymbolLine[2476 3094 2666 3475 800]
	SymbolLine[2666 3475 2856 4427 800]
	SymbolLine[2856 4427 3047 4809 800]
	SymbolLine[3047 4809 3238 4998 800]
	SymbolLine[2095 2904 2286 3094 800]
	SymbolLine[2286 3094 2476 3475 800]
	SymbolLine[2476 3475 2666 4427 800]
	SymbolLine[2666 4427 2856 4809 800]
	SymbolLine[2856 4809 3047 4998 800]
	SymbolLine[3047 4998 3429 4998 800]
	SymbolLine[3429 4998 3618 4809 800]
	SymbolLine[3618 4809 3809 4427 800]
	SymbolLine[0 4998 1333 4998 800]
)
Symbol['L' 1200]
(
	SymbolLine[1143 1000 1143 2141 800]
	SymbolLine[1143 2141 952 3666 800]
	SymbolLine[952 3666 761 4427 800]
	SymbolLine[761 4427 570 4809 800]
	SymbolLine[570 4809 381 4998 800]
	SymbolLine[381 4998 190 4998 800]
	SymbolLine[190 4998 0 4809 800]
	SymbolLine[0 4809 0 4618 800]
	SymbolLine[0 4618 190 4427 800]
	SymbolLine[190 4427 381 4618 800]
	SymbolLine[381 4618 190 4809 800]
	SymbolLine[3238 1000 3238 4998 800]
	SymbolLine[3427 1000 3427 4998 800]
	SymbolLine[570 1000 3999 1000 800]
	SymbolLine[2666 4998 3999 4998 800]
)
Symbol['M' 1200]
(
	SymbolLine[572 1000 572 4998 800]
	SymbolLine[761 1000 1904 4427 800]
	SymbolLine[572 1000 1904 4998 800]
	SymbolLine[3238 1000 1904 4998 800]
	SymbolLine[3238 1000 3238 4998 800]
	SymbolLine[3429 1000 3429 4998 800]
	SymbolLine[0 1000 761 1000 800]
	SymbolLine[3238 1000 4000 1000 800]
	SymbolLine[0 4998 1143 4998 800]
	SymbolLine[2666 4998 4000 4998 800]
)
Symbol['N' 1200]
(
	SymbolLine[570 1000 570 4998 800]
	SymbolLine[761 1000 761 4998 800]
	SymbolLine[3047 1000 3047 4998 800]
	SymbolLine[3237 1000 3237 4998 800]
	SymbolLine[0 1000 1332 1000 800]
	SymbolLine[2475 1000 3809 1000 800]
	SymbolLine[761 2904 3047 2904 800]
	SymbolLine[0 4998 1332 4998 800]
	SymbolLine[2475 4998 3809 4998 800]
)
Symbol['O' 1200]
(
	SymbolLine[1333 1000 952 1189 800]
	SymbolLine[952 1189 572 1570 800]
	SymbolLine[572 1570 381 1952 800]
	SymbolLine[381 1952 190 2713 800]
	SymbolLine[190 2713 190 3284 800]
	SymbolLine[190 3284 381 4046 800]
	SymbolLine[381 4046 572 4427 800]
	SymbolLine[572 4427 952 4809 800]
	SymbolLine[952 4809 1333 4998 800]
	SymbolLine[1715 4998 2095 4809 800]
	SymbolLine[2095 4809 2476 4427 800]
	SymbolLine[2476 4427 2667 4046 800]
	SymbolLine[2667 4046 2856 3284 800]
	SymbolLine[2856 3284 2856 2713 800]
	SymbolLine[2856 2713 2667 1952 800]
	SymbolLine[2667 1952 2476 1570 800]
	SymbolLine[2476 1570 2095 1189 800]
	SymbolLine[2095 1189 1715 1000 800]
	SymbolLine[1333 1000 762 1189 800]
	SymbolLine[762 1189 381 1570 800]
	SymbolLine[381 1570 190 1952 800]
	SymbolLine[190 1952 0 2713 800]
	SymbolLine[0 2713 0 3284 800]
	SymbolLine[0 3284 190 4046 800]
	SymbolLine[190 4046 381 4427 800]
	SymbolLine[381 4427 762 4809 800]
	SymbolLine[762 4809 1333 4998 800]
	SymbolLine[1333 4998 1715 4998 800]
	SymbolLine[1715 4998 2286 4809 800]
	SymbolLine[2286 4809 2667 4427 800]
	SymbolLine[2667 4427 2856 4046 800]
	SymbolLine[2856 4046 3047 3284 800]
	SymbolLine[3047 3284 3047 2713 800]
	SymbolLine[3047 2713 2856 1952 800]
	SymbolLine[2856 1952 2667 1570 800]
	SymbolLine[2667 1570 2286 1189 800]
	SymbolLine[2286 1189 1715 1000 800]
	SymbolLine[1715 1000 1333 1000 800]
)
Symbol['P' 1200]
(
	SymbolLine[570 1000 570 4998 800]
	SymbolLine[761 1000 761 4998 800]
	SymbolLine[3047 1000 3047 4998 800]
	SymbolLine[3238 1000 3238 4998 800]
	SymbolLine[0 1000 3809 1000 800]
	SymbolLine[0 4998 1333 4998 800]
	SymbolLine[2475 4998 3809 4998 800]
)
Symbol['Q' 1200]
(
	SymbolLine[570 1000 570 4998 800]
	SymbolLine[761 1000 761 4998 800]
	SymbolLine[2666 1000 2666 4998 800]
	SymbolLine[2856 1000 2856 4998 800]
	SymbolLine[4761 1000 4761 4998 800]
	SymbolLine[4952 1000 4952 4998 800]
	SymbolLine[0 1000 1332 1000 800]
	SymbolLine[2095 1000 3427 1000 800]
	SymbolLine[4189 1000 5523 1000 800]
	SymbolLine[0 4998 5523 4998 800]
)
Symbol['R' 1200]
(
	SymbolLine[570 1000 570 4998 800]
	SymbolLine[761 1000 761 4998 800]
	SymbolLine[0 1000 2286 1000 800]
	SymbolLine[2286 1000 2856 1189 800]
	SymbolLine[2856 1189 3047 1380 800]
	SymbolLine[3047 1380 3238 1761 800]
	SymbolLine[3238 1761 3238 2332 800]
	SymbolLine[3238 2332 3047 2713 800]
	SymbolLine[3047 2713 2856 2904 800]
	SymbolLine[2856 2904 2286 3094 800]
	SymbolLine[2286 3094 761 3094 800]
	SymbolLine[2286 1000 2666 1189 800]
	SymbolLine[2666 1189 2856 1380 800]
	SymbolLine[2856 1380 3047 1761 800]
	SymbolLine[3047 1761 3047 2332 800]
	SymbolLine[3047 2332 2856 2713 800]
	SymbolLine[2856 2713 2666 2904 800]
	SymbolLine[2666 2904 2286 3094 800]
	SymbolLine[0 4998 1333 4998 800]
)
Symbol['S' 1200]
(
	SymbolLine[2667 1570 2856 2141 800]
	SymbolLine[2856 2141 2856 1000 800]
	SymbolLine[2856 1000 2667 1570 800]
	SymbolLine[2667 1570 2286 1189 800]
	SymbolLine[2286 1189 1715 1000 800]
	SymbolLine[1715 1000 1333 1000 800]
	SymbolLine[1333 1000 762 1189 800]
	SymbolLine[762 1189 381 1570 800]
	SymbolLine[381 1570 190 1952 800]
	SymbolLine[190 1952 0 2523 800]
	SymbolLine[0 2523 0 3475 800]
	SymbolLine[0 3475 190 4046 800]
	SymbolLine[190 4046 381 4427 800]
	SymbolLine[381 4427 762 4809 800]
	SymbolLine[762 4809 1333 4998 800]
	SymbolLine[1333 4998 1715 4998 800]
	SymbolLine[1715 4998 2286 4809 800]
	SymbolLine[2286 4809 2667 4427 800]
	SymbolLine[2667 4427 2856 4046 800]
	SymbolLine[1333 1000 952 1189 800]
	SymbolLine[952 1189 572 1570 800]
	SymbolLine[572 1570 381 1952 800]
	SymbolLine[381 1952 190 2523 800]
	SymbolLine[190 2523 190 3475 800]
	SymbolLine[190 3475 381 4046 800]
	SymbolLine[381 4046 572 4427 800]
	SymbolLine[572 4427 952 4809 800]
	SymbolLine[952 4809 1333 4998 800]
)
Symbol['T' 1200]
(
	SymbolLine[1333 1000 1333 4998 800]
	SymbolLine[1524 1000 1524 4998 800]
	SymbolLine[190 1000 0 2141 800]
	SymbolLine[0 2141 0 1000 800]
	SymbolLine[0 1000 2856 1000 800]
	SymbolLine[2856 1000 2856 2141 800]
	SymbolLine[2856 2141 2666 1000 800]
	SymbolLine[761 4998 2095 4998 800]
)
Symbol['U' 1200]
(
	SymbolLine[570 1000 570 4998 800]
	SymbolLine[761 1000 761 4998 800]
	SymbolLine[0 1000 1333 1000 800]
	SymbolLine[0 4998 1333 4998 800]
	SymbolLine[3238 1000 2856 1189 800]
	SymbolLine[2856 1189 2475 1570 800]
	SymbolLine[2475 1570 2286 1952 800]
	SymbolLine[2286 1952 2095 2713 800]
	SymbolLine[2095 2713 2095 3284 800]
	SymbolLine[2095 3284 2286 4046 800]
	SymbolLine[2286 4046 2475 4427 800]
	SymbolLine[2475 4427 2856 4809 800]
	SymbolLine[2856 4809 3238 4998 800]
	SymbolLine[3618 4998 4000 4809 800]
	SymbolLine[4000 4809 4380 4427 800]
	SymbolLine[4380 4427 4570 4046 800]
	SymbolLine[4570 4046 4761 3284 800]
	SymbolLine[4761 3284 4761 2713 800]
	SymbolLine[4761 2713 4570 1952 800]
	SymbolLine[4570 1952 4380 1570 800]
	SymbolLine[4380 1570 4000 1189 800]
	SymbolLine[4000 1189 3618 1000 800]
	SymbolLine[761 2904 1904 2904 800]
	SymbolLine[3238 1000 2666 1189 800]
	SymbolLine[2666 1189 2286 1570 800]
	SymbolLine[2286 1570 2095 1952 800]
	SymbolLine[2095 1952 1904 2713 800]
	SymbolLine[1904 2713 1904 3284 800]
	SymbolLine[1904 3284 2095 4046 800]
	SymbolLine[2095 4046 2286 4427 800]
	SymbolLine[2286 4427 2666 4809 800]
	SymbolLine[2666 4809 3238 4998 800]
	SymbolLine[3238 4998 3618 4998 800]
	SymbolLine[3618 4998 4190 4809 800]
	SymbolLine[4190 4809 4570 4427 800]
	SymbolLine[4570 4427 4761 4046 800]
	SymbolLine[4761 4046 4952 3284 800]
	SymbolLine[4952 3284 4952 2713 800]
	SymbolLine[4952 2713 4761 1952 800]
	SymbolLine[4761 1952 4570 1570 800]
	SymbolLine[4570 1570 4190 1189 800]
	SymbolLine[4190 1189 3618 1000 800]
	SymbolLine[3618 1000 3238 1000 800]
)
Symbol['V' 1200]
(
	SymbolLine[572 1000 572 4998 800]
	SymbolLine[761 1000 761 4998 800]
	SymbolLine[0 1000 2286 1000 800]
	SymbolLine[2286 1000 2856 1189 800]
	SymbolLine[2856 1189 3047 1380 800]
	SymbolLine[3047 1380 3238 1761 800]
	SymbolLine[3238 1761 3238 2141 800]
	SymbolLine[3238 2141 3047 2523 800]
	SymbolLine[3047 2523 2856 2713 800]
	SymbolLine[2856 2713 2286 2904 800]
	SymbolLine[2286 1000 2666 1189 800]
	SymbolLine[2666 1189 2856 1380 800]
	SymbolLine[2856 1380 3047 1761 800]
	SymbolLine[3047 1761 3047 2141 800]
	SymbolLine[3047 2141 2856 2523 800]
	SymbolLine[2856 2523 2666 2713 800]
	SymbolLine[2666 2713 2286 2904 800]
	SymbolLine[761 2904 2286 2904 800]
	SymbolLine[2286 2904 2856 3094 800]
	SymbolLine[2856 3094 3047 3284 800]
	SymbolLine[3047 3284 3238 3666 800]
	SymbolLine[3238 3666 3238 4237 800]
	SymbolLine[3238 4237 3047 4618 800]
	SymbolLine[3047 4618 2856 4809 800]
	SymbolLine[2856 4809 2286 4998 800]
	SymbolLine[2286 4998 0 4998 800]
	SymbolLine[2286 2904 2666 3094 800]
	SymbolLine[2666 3094 2856 3284 800]
	SymbolLine[2856 3284 3047 3666 800]
	SymbolLine[3047 3666 3047 4237 800]
	SymbolLine[3047 4237 2856 4618 800]
	SymbolLine[2856 4618 2666 4809 800]
	SymbolLine[2666 4809 2286 4998 800]
)
Symbol['W' 1200]
(
	SymbolLine[570 1000 570 4998 800]
	SymbolLine[761 1000 761 4998 800]
	SymbolLine[2666 1000 2666 4998 800]
	SymbolLine[2856 1000 2856 4998 800]
	SymbolLine[4761 1000 4761 4998 800]
	SymbolLine[4952 1000 4952 4998 800]
	SymbolLine[0 1000 1333 1000 800]
	SymbolLine[2095 1000 3427 1000 800]
	SymbolLine[4190 1000 5523 1000 800]
	SymbolLine[0 4998 5523 4998 800]
	SymbolLine[5332 4998 5523 6332 800]
	SymbolLine[5523 4998 5523 6332 800]
)
Symbol['X' 1200]
(
	SymbolLine[380 1000 2856 4998 800]
	SymbolLine[570 1000 3046 4998 800]
	SymbolLine[3046 1000 380 4998 800]
	SymbolLine[0 1000 1141 1000 800]
	SymbolLine[2284 1000 3427 1000 800]
	SymbolLine[0 4998 1141 4998 800]
	SymbolLine[2284 4998 3427 4998 800]
)
Symbol['Y' 1200]
(
	SymbolLine[381 1000 1713 4046 800]
	SymbolLine[570 1000 1904 4046 800]
	SymbolLine[3238 1000 1904 4046 800]
	SymbolLine[1904 4046 1523 4618 800]
	SymbolLine[1523 4618 1333 4809 800]
	SymbolLine[1333 4809 952 4998 800]
	SymbolLine[952 4998 761 4998 800]
	SymbolLine[761 4998 570 4809 800]
	SymbolLine[570 4809 570 4618 800]
	SymbolLine[570 4618 761 4427 800]
	SymbolLine[761 4427 952 4618 800]
	SymbolLine[952 4618 761 4809 800]
	SymbolLine[0 1000 1143 1000 800]
	SymbolLine[2475 1000 3618 1000 800]
)
Symbol['Z' 1200]
(
	SymbolLine[190 1570 0 1000 800]
	SymbolLine[0 1000 0 2141 800]
	SymbolLine[0 2141 190 1570 800]
	SymbolLine[190 1570 572 1189 800]
	SymbolLine[572 1189 952 1000 800]
	SymbolLine[952 1000 1715 1000 800]
	SymbolLine[1715 1000 2286 1189 800]
	SymbolLine[2286 1189 2476 1570 800]
	SymbolLine[2476 1570 2476 2141 800]
	SymbolLine[2476 2141 2286 2523 800]
	SymbolLine[2286 2523 1715 2713 800]
	SymbolLine[1715 2713 1143 2713 800]
	SymbolLine[1715 1000 2095 1189 800]
	SymbolLine[2095 1189 2286 1570 800]
	SymbolLine[2286 1570 2286 2141 800]
	SymbolLine[2286 2141 2095 2523 800]
	SymbolLine[2095 2523 1715 2713 800]
	SymbolLine[1715 2713 2095 2904 800]
	SymbolLine[2095 2904 2476 3284 800]
	SymbolLine[2476 3284 2667 3666 800]
	SymbolLine[2667 3666 2667 4237 800]
	SymbolLine[2667 4237 2476 4618 800]
	SymbolLine[2476 4618 2286 4809 800]
	SymbolLine[2286 4809 1715 4998 800]
	SymbolLine[1715 4998 762 4998 800]
	SymbolLine[762 4998 381 4809 800]
	SymbolLine[381 4809 190 4618 800]
	SymbolLine[190 4618 0 4237 800]
	SymbolLine[0 4237 0 4046 800]
	SymbolLine[0 4046 190 3856 800]
	SymbolLine[190 3856 381 4046 800]
	SymbolLine[381 4046 190 4237 800]
	SymbolLine[2286 3094 2476 3666 800]
	SymbolLine[2476 3666 2476 4237 800]
	SymbolLine[2476 4237 2286 4618 800]
	SymbolLine[2286 4618 2095 4809 800]
	SymbolLine[2095 4809 1715 4998 800]
)
Symbol['[' 1200]
(
	SymbolLine[570 1000 570 4998 800]
	SymbolLine[761 1000 761 4998 800]
	SymbolLine[1904 2141 1904 3666 800]
	SymbolLine[0 1000 3047 1000 800]
	SymbolLine[3047 1000 3047 2141 800]
	SymbolLine[3047 2141 2856 1000 800]
	SymbolLine[761 2904 1904 2904 800]
	SymbolLine[0 4998 3047 4998 800]
	SymbolLine[3047 4998 3047 3856 800]
	SymbolLine[3047 3856 2856 4998 800]
)
Symbol['\' 1200]
(
	SymbolLine[0 1000 2251 5000 800]
)
Symbol[']' 1200]
(
	SymbolLine[1523 1000 1523 4998 800]
	SymbolLine[1713 1000 1713 4998 800]
	SymbolLine[190 1000 0 2141 800]
	SymbolLine[0 2141 0 1000 800]
	SymbolLine[0 1000 2284 1000 800]
	SymbolLine[1713 2904 3047 2904 800]
	SymbolLine[3047 2904 3618 3094 800]
	SymbolLine[3618 3094 3809 3284 800]
	SymbolLine[3809 3284 4000 3666 800]
	SymbolLine[4000 3666 4000 4237 800]
	SymbolLine[4000 4237 3809 4618 800]
	SymbolLine[3809 4618 3618 4809 800]
	SymbolLine[3618 4809 3047 4998 800]
	SymbolLine[3047 4998 952 4998 800]
	SymbolLine[3047 2904 3427 3094 800]
	SymbolLine[3427 3094 3618 3284 800]
	SymbolLine[3618 3284 3809 3666 800]
	SymbolLine[3809 3666 3809 4237 800]
	SymbolLine[3809 4237 3618 4618 800]
	SymbolLine[3618 4618 3427 4809 800]
	SymbolLine[3427 4809 3047 4998 800]
)
Symbol['^' 1200]
(
	SymbolLine[2667 1000 2667 4998 800]
	SymbolLine[2856 1000 2856 4998 800]
	SymbolLine[3429 1000 1143 1000 800]
	SymbolLine[1143 1000 572 1189 800]
	SymbolLine[572 1189 381 1380 800]
	SymbolLine[381 1380 190 1761 800]
	SymbolLine[190 1761 190 2141 800]
	SymbolLine[190 2141 381 2523 800]
	SymbolLine[381 2523 572 2713 800]
	SymbolLine[572 2713 1143 2904 800]
	SymbolLine[1143 2904 2667 2904 800]
	SymbolLine[1143 1000 762 1189 800]
	SymbolLine[762 1189 572 1380 800]
	SymbolLine[572 1380 381 1761 800]
	SymbolLine[381 1761 381 2141 800]
	SymbolLine[381 2141 572 2523 800]
	SymbolLine[572 2523 762 2713 800]
	SymbolLine[762 2713 1143 2904 800]
	SymbolLine[1715 2904 1333 3094 800]
	SymbolLine[1333 3094 1143 3284 800]
	SymbolLine[1143 3284 572 4618 800]
	SymbolLine[572 4618 381 4809 800]
	SymbolLine[381 4809 190 4809 800]
	SymbolLine[190 4809 0 4618 800]
	SymbolLine[1333 3094 1143 3475 800]
	SymbolLine[1143 3475 762 4809 800]
	SymbolLine[762 4809 572 4998 800]
	SymbolLine[572 4998 190 4998 800]
	SymbolLine[190 4998 0 4618 800]
	SymbolLine[0 4618 0 4427 800]
	SymbolLine[2095 4998 3429 4998 800]
)
Symbol['_' 1200]
(
	SymbolLine[572 1000 572 4998 800]
	SymbolLine[762 1000 762 4998 800]
	SymbolLine[0 1000 1333 1000 800]
	SymbolLine[762 2904 2095 2904 800]
	SymbolLine[2095 2904 2667 3094 800]
	SymbolLine[2667 3094 2856 3284 800]
	SymbolLine[2856 3284 3047 3666 800]
	SymbolLine[3047 3666 3047 4237 800]
	SymbolLine[3047 4237 2856 4618 800]
	SymbolLine[2856 4618 2667 4809 800]
	SymbolLine[2667 4809 2095 4998 800]
	SymbolLine[2095 4998 0 4998 800]
	SymbolLine[2095 2904 2476 3094 800]
	SymbolLine[2476 3094 2667 3284 800]
	SymbolLine[2667 3284 2856 3666 800]
	SymbolLine[2856 3666 2856 4237 800]
	SymbolLine[2856 4237 2667 4618 800]
	SymbolLine[2667 4618 2476 4809 800]
	SymbolLine[2476 4809 2095 4998 800]
)
Symbol['`' 1200]
(
	SymbolLine[0 3643 0 3262 800]
	SymbolLine[0 3262 191 2691 800]
	SymbolLine[191 2691 572 2500 800]
	SymbolLine[572 2500 952 2500 800]
	SymbolLine[952 2500 1334 2691 800]
	SymbolLine[1334 2691 2095 3262 800]
	SymbolLine[2095 3262 2477 3452 800]
	SymbolLine[2477 3452 2857 3452 800]
	SymbolLine[2857 3452 3238 3262 800]
	SymbolLine[3238 3262 3429 2881 800]
	SymbolLine[0 3262 191 2881 800]
	SymbolLine[191 2881 572 2691 800]
	SymbolLine[572 2691 952 2691 800]
	SymbolLine[952 2691 1334 2881 800]
	SymbolLine[1334 2881 2095 3452 800]
	SymbolLine[2095 3452 2477 3643 800]
	SymbolLine[2477 3643 2857 3643 800]
	SymbolLine[2857 3643 3238 3452 800]
	SymbolLine[3238 3452 3429 2881 800]
	SymbolLine[3429 2881 3429 2500 800]
)
Symbol['a' 1200]
(
	SymbolLine[380 2714 380 2905 800]
	SymbolLine[380 2905 190 2905 800]
	SymbolLine[190 2905 190 2714 800]
	SymbolLine[190 2714 380 2523 800]
	SymbolLine[380 2523 761 2333 800]
	SymbolLine[761 2333 1523 2333 800]
	SymbolLine[1523 2333 1904 2523 800]
	SymbolLine[1904 2523 2095 2714 800]
	SymbolLine[2095 2714 2284 3094 800]
	SymbolLine[2284 3094 2284 4428 800]
	SymbolLine[2284 4428 2475 4809 800]
	SymbolLine[2475 4809 2666 4999 800]
	SymbolLine[2095 2714 2095 4428 800]
	SymbolLine[2095 4428 2284 4809 800]
	SymbolLine[2284 4809 2666 4999 800]
	SymbolLine[2666 4999 2856 4999 800]
	SymbolLine[2095 3094 1904 3285 800]
	SymbolLine[1904 3285 761 3476 800]
	SymbolLine[761 3476 190 3666 800]
	SymbolLine[190 3666 0 4046 800]
	SymbolLine[0 4046 0 4428 800]
	SymbolLine[0 4428 190 4809 800]
	SymbolLine[190 4809 761 4999 800]
	SymbolLine[761 4999 1332 4999 800]
	SymbolLine[1332 4999 1713 4809 800]
	SymbolLine[1713 4809 2095 4428 800]
	SymbolLine[761 3476 380 3666 800]
	SymbolLine[380 3666 190 4046 800]
	SymbolLine[190 4046 190 4428 800]
	SymbolLine[190 4428 380 4809 800]
	SymbolLine[380 4809 761 4999 800]
)
Symbol['b' 1200]
(
	SymbolLine[2475 1000 2286 1189 800]
	SymbolLine[2286 1189 1143 1570 800]
	SymbolLine[1143 1570 570 1952 800]
	SymbolLine[570 1952 190 2523 800]
	SymbolLine[190 2523 0 3094 800]
	SymbolLine[0 3094 0 3856 800]
	SymbolLine[0 3856 190 4427 800]
	SymbolLine[190 4427 570 4809 800]
	SymbolLine[570 4809 1143 4998 800]
	SymbolLine[1143 4998 1523 4998 800]
	SymbolLine[1523 4998 2095 4809 800]
	SymbolLine[2095 4809 2475 4427 800]
	SymbolLine[2475 4427 2666 3856 800]
	SymbolLine[2666 3856 2666 3475 800]
	SymbolLine[2666 3475 2475 2904 800]
	SymbolLine[2475 2904 2095 2523 800]
	SymbolLine[2095 2523 1523 2332 800]
	SymbolLine[1523 2332 1143 2332 800]
	SymbolLine[1143 2332 570 2523 800]
	SymbolLine[570 2523 190 2904 800]
	SymbolLine[190 2904 0 3475 800]
	SymbolLine[2475 1000 2286 1380 800]
	SymbolLine[2286 1380 1904 1570 800]
	SymbolLine[1904 1570 1143 1761 800]
	SymbolLine[1143 1761 570 2141 800]
	SymbolLine[570 2141 190 2523 800]
	SymbolLine[1143 2332 761 2523 800]
	SymbolLine[761 2523 381 2904 800]
	SymbolLine[381 2904 190 3475 800]
	SymbolLine[190 3475 190 3856 800]
	SymbolLine[190 3856 381 4427 800]
	SymbolLine[381 4427 761 4809 800]
	SymbolLine[761 4809 1143 4998 800]
	SymbolLine[1523 4998 1904 4809 800]
	SymbolLine[1904 4809 2286 4427 800]
	SymbolLine[2286 4427 2475 3856 800]
	SymbolLine[2475 3856 2475 3475 800]
	SymbolLine[2475 3475 2286 2904 800]
	SymbolLine[2286 2904 1904 2523 800]
	SymbolLine[1904 2523 1523 2332 800]
)
Symbol['c' 1200]
(
	SymbolLine[190 1570 0 1000 800]
	SymbolLine[0 1000 0 2141 800]
	SymbolLine[0 2141 190 1570 800]
	SymbolLine[190 1570 572 1189 800]
	SymbolLine[572 1189 1143 1000 800]
	SymbolLine[1143 1000 1524 1000 800]
	SymbolLine[1524 1000 2095 1189 800]
	SymbolLine[2095 1189 2476 1570 800]
	SymbolLine[2476 1570 2667 1952 800]
	SymbolLine[2667 1952 2856 2523 800]
	SymbolLine[2856 2523 2856 3475 800]
	SymbolLine[2856 3475 2667 4046 800]
	SymbolLine[2667 4046 2476 4427 800]
	SymbolLine[2476 4427 2095 4809 800]
	SymbolLine[2095 4809 1524 4998 800]
	SymbolLine[1524 4998 952 4998 800]
	SymbolLine[952 4998 381 4809 800]
	SymbolLine[381 4809 190 4618 800]
	SymbolLine[190 4618 0 4237 800]
	SymbolLine[0 4237 0 4046 800]
	SymbolLine[0 4046 190 3856 800]
	SymbolLine[190 3856 381 4046 800]
	SymbolLine[381 4046 190 4237 800]
	SymbolLine[1524 1000 1904 1189 800]
	SymbolLine[1904 1189 2286 1570 800]
	SymbolLine[2286 1570 2476 1952 800]
	SymbolLine[2476 1952 2667 2523 800]
	SymbolLine[2667 2523 2667 3475 800]
	SymbolLine[2667 3475 2476 4046 800]
	SymbolLine[2476 4046 2286 4427 800]
	SymbolLine[2286 4427 1904 4809 800]
	SymbolLine[1904 4809 1524 4998 800]
	SymbolLine[952 2904 2667 2904 800]
)
Symbol['d' 1200]
(
	SymbolLine[1141 2333 1141 3094 800]
	SymbolLine[1141 3094 952 4237 800]
	SymbolLine[952 4237 761 4809 800]
	SymbolLine[761 4809 570 4999 800]
	SymbolLine[2856 2333 2856 4999 800]
	SymbolLine[3046 2333 3046 4999 800]
	SymbolLine[570 2333 3618 2333 800]
	SymbolLine[189 4999 0 5951 800]
	SymbolLine[0 5951 0 4999 800]
	SymbolLine[0 4999 3618 4999 800]
	SymbolLine[3618 4999 3618 5951 800]
	SymbolLine[3618 5951 3427 4999 800]
)
Symbol['e' 1200]
(
	SymbolLine[572 2332 572 4998 800]
	SymbolLine[762 2332 762 4998 800]
	SymbolLine[2667 2332 2667 4998 800]
	SymbolLine[2856 2332 2856 4998 800]
	SymbolLine[0 2332 1333 2332 800]
	SymbolLine[2095 2332 3429 2332 800]
	SymbolLine[0 4998 1333 4998 800]
	SymbolLine[2095 4998 3429 4998 800]
	SymbolLine[2667 2523 762 4809 800]
	SymbolLine[1143 1189 1143 1000 800]
	SymbolLine[1143 1000 952 1000 800]
	SymbolLine[952 1000 952 1189 800]
	SymbolLine[952 1189 1143 1570 800]
	SymbolLine[1143 1570 1524 1761 800]
	SymbolLine[1524 1761 1904 1761 800]
	SymbolLine[1904 1761 2286 1570 800]
	SymbolLine[2286 1570 2476 1189 800]
)
Symbol['f' 1200]
(
	SymbolLine[1332 1000 1332 6332 800]
	SymbolLine[1523 1000 1523 6332 800]
	SymbolLine[761 1000 1523 1000 800]
	SymbolLine[1332 2904 1141 2523 800]
	SymbolLine[1141 2523 952 2332 800]
	SymbolLine[952 2332 570 2332 800]
	SymbolLine[570 2332 189 2523 800]
	SymbolLine[189 2523 0 3094 800]
	SymbolLine[0 3094 0 4237 800]
	SymbolLine[0 4237 189 4809 800]
	SymbolLine[189 4809 570 4998 800]
	SymbolLine[570 4998 952 4998 800]
	SymbolLine[952 4998 1141 4809 800]
	SymbolLine[1141 4809 1332 4427 800]
	SymbolLine[570 2332 380 2523 800]
	SymbolLine[380 2523 189 3094 800]
	SymbolLine[189 3094 189 4237 800]
	SymbolLine[189 4237 380 4809 800]
	SymbolLine[380 4809 570 4998 800]
	SymbolLine[2284 2332 2475 2523 800]
	SymbolLine[2475 2523 2666 3094 800]
	SymbolLine[2666 3094 2666 4237 800]
	SymbolLine[2666 4237 2475 4809 800]
	SymbolLine[2475 4809 2284 4998 800]
	SymbolLine[1523 2904 1713 2523 800]
	SymbolLine[1713 2523 1904 2332 800]
	SymbolLine[1904 2332 2284 2332 800]
	SymbolLine[2284 2332 2666 2523 800]
	SymbolLine[2666 2523 2856 3094 800]
	SymbolLine[2856 3094 2856 4237 800]
	SymbolLine[2856 4237 2666 4809 800]
	SymbolLine[2666 4809 2284 4998 800]
	SymbolLine[2284 4998 1904 4998 800]
	SymbolLine[1904 4998 1713 4809 800]
	SymbolLine[1713 4809 1523 4427 800]
	SymbolLine[761 6332 2094 6332 800]
)
Symbol['g' 1200]
(
	SymbolLine[570 2333 570 4999 800]
	SymbolLine[761 2333 761 4999 800]
	SymbolLine[0 2333 2666 2333 800]
	SymbolLine[2666 2333 2666 3285 800]
	SymbolLine[2666 3285 2475 2333 800]
	SymbolLine[0 4999 1332 4999 800]
)
Symbol['h' 1200]
(
	SymbolLine[2095 2333 2095 4999 800]
	SymbolLine[2286 2333 2286 4999 800]
	SymbolLine[1524 2333 2856 2333 800]
	SymbolLine[572 2523 381 2714 800]
	SymbolLine[381 2714 190 2523 800]
	SymbolLine[190 2523 381 2333 800]
	SymbolLine[381 2333 572 2333 800]
	SymbolLine[572 2333 762 2523 800]
	SymbolLine[762 2523 1143 3285 800]
	SymbolLine[1143 3285 1333 3476 800]
	SymbolLine[1333 3476 1715 3666 800]
	SymbolLine[1715 3666 2667 3666 800]
	SymbolLine[2667 3666 3047 3476 800]
	SymbolLine[3047 3476 3238 3285 800]
	SymbolLine[3238 3285 3619 2523 800]
	SymbolLine[3619 2523 3809 2333 800]
	SymbolLine[3809 2333 3999 2333 800]
	SymbolLine[3999 2333 4190 2523 800]
	SymbolLine[4190 2523 3999 2714 800]
	SymbolLine[3999 2714 3809 2523 800]
	SymbolLine[1715 3666 1333 3857 800]
	SymbolLine[1333 3857 1143 4046 800]
	SymbolLine[1143 4046 762 4809 800]
	SymbolLine[762 4809 572 4999 800]
	SymbolLine[1715 3666 1333 4046 800]
	SymbolLine[1333 4046 952 4809 800]
	SymbolLine[952 4809 762 4999 800]
	SymbolLine[762 4999 381 4999 800]
	SymbolLine[381 4999 190 4809 800]
	SymbolLine[190 4809 0 4428 800]
	SymbolLine[2667 3666 3047 3857 800]
	SymbolLine[3047 3857 3238 4046 800]
	SymbolLine[3238 4046 3619 4809 800]
	SymbolLine[3619 4809 3809 4999 800]
	SymbolLine[2667 3666 3047 4046 800]
	SymbolLine[3047 4046 3429 4809 800]
	SymbolLine[3429 4809 3619 4999 800]
	SymbolLine[3619 4999 3999 4999 800]
	SymbolLine[3999 4999 4190 4809 800]
	SymbolLine[4190 4809 4381 4428 800]
	SymbolLine[1524 4999 2856 4999 800]
)
Symbol['i' 1200]
(
	SymbolLine[572 2333 572 4999 800]
	SymbolLine[762 2333 762 4999 800]
	SymbolLine[2667 2333 2667 4999 800]
	SymbolLine[2856 2333 2856 4999 800]
	SymbolLine[0 2333 1333 2333 800]
	SymbolLine[2095 2333 3429 2333 800]
	SymbolLine[0 4999 1333 4999 800]
	SymbolLine[2095 4999 3429 4999 800]
	SymbolLine[2667 2523 762 4809 800]
)
Symbol['j' 1200]
(
	SymbolLine[570 2333 570 3666 800]
	SymbolLine[570 3666 761 4046 800]
	SymbolLine[761 4046 1333 4237 800]
	SymbolLine[1333 4237 1713 4237 800]
	SymbolLine[1713 4237 2286 4046 800]
	SymbolLine[2286 4046 2666 3666 800]
	SymbolLine[761 2333 761 3666 800]
	SymbolLine[761 3666 952 4046 800]
	SymbolLine[952 4046 1333 4237 800]
	SymbolLine[2666 2333 2666 4999 800]
	SymbolLine[2856 2333 2856 4999 800]
	SymbolLine[0 2333 1333 2333 800]
	SymbolLine[2095 2333 3427 2333 800]
	SymbolLine[2095 4999 3427 4999 800]
)
Symbol['k' 1200]
(
	SymbolLine[572 2333 572 4999 800]
	SymbolLine[761 2333 761 4999 800]
	SymbolLine[0 2333 1333 2333 800]
	SymbolLine[761 3666 1143 3666 800]
	SymbolLine[1143 3666 1713 3476 800]
	SymbolLine[1713 3476 1904 3285 800]
	SymbolLine[1904 3285 2286 2523 800]
	SymbolLine[2286 2523 2476 2333 800]
	SymbolLine[2476 2333 2666 2333 800]
	SymbolLine[2666 2333 2856 2523 800]
	SymbolLine[2856 2523 2666 2714 800]
	SymbolLine[2666 2714 2476 2523 800]
	SymbolLine[1143 3666 1713 3857 800]
	SymbolLine[1713 3857 1904 4046 800]
	SymbolLine[1904 4046 2286 4809 800]
	SymbolLine[2286 4809 2476 4999 800]
	SymbolLine[1143 3666 1524 3857 800]
	SymbolLine[1524 3857 1713 4046 800]
	SymbolLine[1713 4046 2095 4809 800]
	SymbolLine[2095 4809 2286 4999 800]
	SymbolLine[2286 4999 2666 4999 800]
	SymbolLine[2666 4999 2856 4809 800]
	SymbolLine[2856 4809 3047 4428 800]
	SymbolLine[0 4999 1333 4999 800]
)
Symbol['l' 1200]
(
	SymbolLine[952 2333 952 3094 800]
	SymbolLine[952 3094 761 4237 800]
	SymbolLine[761 4237 570 4809 800]
	SymbolLine[570 4809 380 4999 800]
	SymbolLine[380 4999 189 4999 800]
	SymbolLine[189 4999 0 4809 800]
	SymbolLine[0 4809 189 4619 800]
	SymbolLine[189 4619 380 4809 800]
	SymbolLine[2666 2333 2666 4999 800]
	SymbolLine[2856 2333 2856 4999 800]
	SymbolLine[380 2333 3427 2333 800]
	SymbolLine[2094 4999 3427 4999 800]
)
Symbol['m' 1200]
(
	SymbolLine[572 2333 572 4999 800]
	SymbolLine[572 2333 1713 4999 800]
	SymbolLine[761 2333 1713 4619 800]
	SymbolLine[2856 2333 1713 4999 800]
	SymbolLine[2856 2333 2856 4999 800]
	SymbolLine[3047 2333 3047 4999 800]
	SymbolLine[0 2333 761 2333 800]
	SymbolLine[2856 2333 3618 2333 800]
	SymbolLine[0 4999 1143 4999 800]
	SymbolLine[2286 4999 3618 4999 800]
)
Symbol['n' 1200]
(
	SymbolLine[570 2333 570 4999 800]
	SymbolLine[761 2333 761 4999 800]
	SymbolLine[2666 2333 2666 4999 800]
	SymbolLine[2856 2333 2856 4999 800]
	SymbolLine[0 2333 1332 2333 800]
	SymbolLine[2095 2333 3427 2333 800]
	SymbolLine[761 3666 2666 3666 800]
	SymbolLine[0 4999 1332 4999 800]
	SymbolLine[2095 4999 3427 4999 800]
)
Symbol['o' 1200]
(
	SymbolLine[1143 2333 762 2523 800]
	SymbolLine[762 2523 381 2905 800]
	SymbolLine[381 2905 190 3476 800]
	SymbolLine[190 3476 190 3857 800]
	SymbolLine[190 3857 381 4428 800]
	SymbolLine[381 4428 762 4809 800]
	SymbolLine[762 4809 1143 4999 800]
	SymbolLine[1524 4999 1904 4809 800]
	SymbolLine[1904 4809 2286 4428 800]
	SymbolLine[2286 4428 2476 3857 800]
	SymbolLine[2476 3857 2476 3476 800]
	SymbolLine[2476 3476 2286 2905 800]
	SymbolLine[2286 2905 1904 2523 800]
	SymbolLine[1904 2523 1524 2333 800]
	SymbolLine[1143 2333 572 2523 800]
	SymbolLine[572 2523 190 2905 800]
	SymbolLine[190 2905 0 3476 800]
	SymbolLine[0 3476 0 3857 800]
	SymbolLine[0 3857 190 4428 800]
	SymbolLine[190 4428 572 4809 800]
	SymbolLine[572 4809 1143 4999 800]
	SymbolLine[1143 4999 1524 4999 800]
	SymbolLine[1524 4999 2095 4809 800]
	SymbolLine[2095 4809 2476 4428 800]
	SymbolLine[2476 4428 2667 3857 800]
	SymbolLine[2667 3857 2667 3476 800]
	SymbolLine[2667 3476 2476 2905 800]
	SymbolLine[2476 2905 2095 2523 800]
	SymbolLine[2095 2523 1524 2333 800]
	SymbolLine[1524 2333 1143 2333 800]
)
Symbol['p' 1200]
(
	SymbolLine[572 2333 572 4999 800]
	SymbolLine[762 2333 762 4999 800]
	SymbolLine[2667 2333 2667 4999 800]
	SymbolLine[2856 2333 2856 4999 800]
	SymbolLine[0 2333 3429 2333 800]
	SymbolLine[0 4999 1333 4999 800]
	SymbolLine[2095 4999 3429 4999 800]
)
Symbol['q' 1200]
(
	SymbolLine[572 2333 572 4999 800]
	SymbolLine[761 2333 761 4999 800]
	SymbolLine[2476 2333 2476 4999 800]
	SymbolLine[2666 2333 2666 4999 800]
	SymbolLine[4381 2333 4381 4999 800]
	SymbolLine[4570 2333 4570 4999 800]
	SymbolLine[0 2333 1333 2333 800]
	SymbolLine[1904 2333 3238 2333 800]
	SymbolLine[3809 2333 5143 2333 800]
	SymbolLine[0 4999 5143 4999 800]
)
Symbol['r' 1200]
(
	SymbolLine[572 2333 572 6333 800]
	SymbolLine[762 2333 762 6333 800]
	SymbolLine[762 2905 1143 2523 800]
	SymbolLine[1143 2523 1524 2333 800]
	SymbolLine[1524 2333 1904 2333 800]
	SymbolLine[1904 2333 2476 2523 800]
	SymbolLine[2476 2523 2856 2905 800]
	SymbolLine[2856 2905 3047 3476 800]
	SymbolLine[3047 3476 3047 3857 800]
	SymbolLine[3047 3857 2856 4428 800]
	SymbolLine[2856 4428 2476 4809 800]
	SymbolLine[2476 4809 1904 4999 800]
	SymbolLine[1904 4999 1524 4999 800]
	SymbolLine[1524 4999 1143 4809 800]
	SymbolLine[1143 4809 762 4428 800]
	SymbolLine[1904 2333 2286 2523 800]
	SymbolLine[2286 2523 2667 2905 800]
	SymbolLine[2667 2905 2856 3476 800]
	SymbolLine[2856 3476 2856 3857 800]
	SymbolLine[2856 3857 2667 4428 800]
	SymbolLine[2667 4428 2286 4809 800]
	SymbolLine[2286 4809 1904 4999 800]
	SymbolLine[0 2333 762 2333 800]
	SymbolLine[0 6333 1333 6333 800]
)
Symbol['s' 1200]
(
	SymbolLine[2284 2905 2094 3094 800]
	SymbolLine[2094 3094 2284 3285 800]
	SymbolLine[2284 3285 2475 3094 800]
	SymbolLine[2475 3094 2475 2905 800]
	SymbolLine[2475 2905 2094 2523 800]
	SymbolLine[2094 2523 1713 2333 800]
	SymbolLine[1713 2333 1141 2333 800]
	SymbolLine[1141 2333 570 2523 800]
	SymbolLine[570 2523 189 2905 800]
	SymbolLine[189 2905 0 3476 800]
	SymbolLine[0 3476 0 3857 800]
	SymbolLine[0 3857 189 4428 800]
	SymbolLine[189 4428 570 4809 800]
	SymbolLine[570 4809 1141 4999 800]
	SymbolLine[1141 4999 1523 4999 800]
	SymbolLine[1523 4999 2094 4809 800]
	SymbolLine[2094 4809 2475 4428 800]
	SymbolLine[1141 2333 761 2523 800]
	SymbolLine[761 2523 380 2905 800]
	SymbolLine[380 2905 189 3476 800]
	SymbolLine[189 3476 189 3857 800]
	SymbolLine[189 3857 380 4428 800]
	SymbolLine[380 4428 761 4809 800]
	SymbolLine[761 4809 1141 4999 800]
)
Symbol['t' 1200]
(
	SymbolLine[1143 2333 1143 4999 800]
	SymbolLine[1333 2333 1333 4999 800]
	SymbolLine[190 2333 0 3285 800]
	SymbolLine[0 3285 0 2333 800]
	SymbolLine[0 2333 2476 2333 800]
	SymbolLine[2476 2333 2476 3285 800]
	SymbolLine[2476 3285 2286 2333 800]
	SymbolLine[572 4999 1904 4999 800]
)
Symbol['u' 1200]
(
	SymbolLine[570 2333 570 4999 800]
	SymbolLine[761 2333 761 4999 800]
	SymbolLine[0 2333 1333 2333 800]
	SymbolLine[0 4999 1333 4999 800]
	SymbolLine[3047 2333 2666 2523 800]
	SymbolLine[2666 2523 2286 2905 800]
	SymbolLine[2286 2905 2095 3476 800]
	SymbolLine[2095 3476 2095 3857 800]
	SymbolLine[2095 3857 2286 4428 800]
	SymbolLine[2286 4428 2666 4809 800]
	SymbolLine[2666 4809 3047 4999 800]
	SymbolLine[3427 4999 3809 4809 800]
	SymbolLine[3809 4809 4190 4428 800]
	SymbolLine[4190 4428 4380 3857 800]
	SymbolLine[4380 3857 4380 3476 800]
	SymbolLine[4380 3476 4190 2905 800]
	SymbolLine[4190 2905 3809 2523 800]
	SymbolLine[3809 2523 3427 2333 800]
	SymbolLine[761 3666 1904 3666 800]
	SymbolLine[3047 2333 2475 2523 800]
	SymbolLine[2475 2523 2095 2905 800]
	SymbolLine[2095 2905 1904 3476 800]
	SymbolLine[1904 3476 1904 3857 800]
	SymbolLine[1904 3857 2095 4428 800]
	SymbolLine[2095 4428 2475 4809 800]
	SymbolLine[2475 4809 3047 4999 800]
	SymbolLine[3047 4999 3427 4999 800]
	SymbolLine[3427 4999 4000 4809 800]
	SymbolLine[4000 4809 4380 4428 800]
	SymbolLine[4380 4428 4570 3857 800]
	SymbolLine[4570 3857 4570 3476 800]
	SymbolLine[4570 3476 4380 2905 800]
	SymbolLine[4380 2905 4000 2523 800]
	SymbolLine[4000 2523 3427 2333 800]
	SymbolLine[3427 2333 3047 2333 800]
)
Symbol['v' 1200]
(
	SymbolLine[570 2333 570 4999 800]
	SymbolLine[761 2333 761 4999 800]
	SymbolLine[0 2333 2095 2333 800]
	SymbolLine[2095 2333 2666 2523 800]
	SymbolLine[2666 2523 2856 2905 800]
	SymbolLine[2856 2905 2856 3094 800]
	SymbolLine[2856 3094 2666 3476 800]
	SymbolLine[2666 3476 2095 3666 800]
	SymbolLine[2095 2333 2475 2523 800]
	SymbolLine[2475 2523 2666 2905 800]
	SymbolLine[2666 2905 2666 3094 800]
	SymbolLine[2666 3094 2475 3476 800]
	SymbolLine[2475 3476 2095 3666 800]
	SymbolLine[761 3666 2095 3666 800]
	SymbolLine[2095 3666 2666 3857 800]
	SymbolLine[2666 3857 2856 4237 800]
	SymbolLine[2856 4237 2856 4428 800]
	SymbolLine[2856 4428 2666 4809 800]
	SymbolLine[2666 4809 2095 4999 800]
	SymbolLine[2095 4999 0 4999 800]
	SymbolLine[2095 3666 2475 3857 800]
	SymbolLine[2475 3857 2666 4237 800]
	SymbolLine[2666 4237 2666 4428 800]
	SymbolLine[2666 4428 2475 4809 800]
	SymbolLine[2475 4809 2095 4999 800]
)
Symbol['w' 1200]
(
	SymbolLine[570 2333 570 4999 800]
	SymbolLine[761 2333 761 4999 800]
	SymbolLine[2475 2333 2475 4999 800]
	SymbolLine[2666 2333 2666 4999 800]
	SymbolLine[4380 2333 4380 4999 800]
	SymbolLine[4570 2333 4570 4999 800]
	SymbolLine[0 2333 1332 2333 800]
	SymbolLine[1904 2333 3237 2333 800]
	SymbolLine[3809 2333 5141 2333 800]
	SymbolLine[0 4999 5141 4999 800]
	SymbolLine[5141 4999 5141 5951 800]
	SymbolLine[5141 5951 4951 4999 800]
)
Symbol['x' 1200]
(
	SymbolLine[381 2333 2475 4999 800]
	SymbolLine[570 2333 2666 4999 800]
	SymbolLine[2666 2333 381 4999 800]
	SymbolLine[0 2333 1143 2333 800]
	SymbolLine[1904 2333 3047 2333 800]
	SymbolLine[0 4999 1143 4999 800]
	SymbolLine[1904 4999 3047 4999 800]
)
Symbol['y' 1200]
(
	SymbolLine[381 2333 1523 4999 800]
	SymbolLine[570 2333 1523 4619 800]
	SymbolLine[2666 2333 1523 4999 800]
	SymbolLine[1523 4999 1143 5762 800]
	SymbolLine[1143 5762 761 6142 800]
	SymbolLine[761 6142 381 6333 800]
	SymbolLine[381 6333 190 6333 800]
	SymbolLine[190 6333 0 6142 800]
	SymbolLine[0 6142 190 5951 800]
	SymbolLine[190 5951 381 6142 800]
	SymbolLine[0 2333 1143 2333 800]
	SymbolLine[1904 2333 3047 2333 800]
)
Symbol['z' 1200]
(
	SymbolLine[189 2714 0 2333 800]
	SymbolLine[0 2333 0 3094 800]
	SymbolLine[0 3094 189 2714 800]
	SymbolLine[189 2714 380 2523 800]
	SymbolLine[380 2523 761 2333 800]
	SymbolLine[761 2333 1523 2333 800]
	SymbolLine[1523 2333 2094 2523 800]
	SymbolLine[2094 2523 2284 2905 800]
	SymbolLine[2284 2905 2284 3094 800]
	SymbolLine[2284 3094 2094 3476 800]
	SymbolLine[2094 3476 1523 3666 800]
	SymbolLine[1523 2333 1904 2523 800]
	SymbolLine[1904 2523 2094 2905 800]
	SymbolLine[2094 2905 2094 3094 800]
	SymbolLine[2094 3094 1904 3476 800]
	SymbolLine[1904 3476 1523 3666 800]
	SymbolLine[952 3666 1523 3666 800]
	SymbolLine[1523 3666 2094 3857 800]
	SymbolLine[2094 3857 2284 4237 800]
	SymbolLine[2284 4237 2284 4428 800]
	SymbolLine[2284 4428 2094 4809 800]
	SymbolLine[2094 4809 1523 4999 800]
	SymbolLine[1523 4999 761 4999 800]
	SymbolLine[761 4999 189 4809 800]
	SymbolLine[189 4809 0 4428 800]
	SymbolLine[0 4428 0 4237 800]
	SymbolLine[0 4237 189 4046 800]
	SymbolLine[189 4046 380 4237 800]
	SymbolLine[380 4237 189 4428 800]
	SymbolLine[1523 3666 1904 3857 800]
	SymbolLine[1904 3857 2094 4237 800]
	SymbolLine[2094 4237 2094 4428 800]
	SymbolLine[2094 4428 1904 4809 800]
	SymbolLine[1904 4809 1523 4999 800]
)
Symbol['{' 1200]
(
	SymbolLine[190 3476 2476 3476 800]
	SymbolLine[2476 3476 2476 3094 800]
	SymbolLine[2476 3094 2286 2714 800]
	SymbolLine[2286 2714 2095 2523 800]
	SymbolLine[2095 2523 1713 2333 800]
	SymbolLine[1713 2333 1143 2333 800]
	SymbolLine[1143 2333 572 2523 800]
	SymbolLine[572 2523 190 2905 800]
	SymbolLine[190 2905 0 3476 800]
	SymbolLine[0 3476 0 3857 800]
	SymbolLine[0 3857 190 4428 800]
	SymbolLine[190 4428 572 4809 800]
	SymbolLine[572 4809 1143 4999 800]
	SymbolLine[1143 4999 1524 4999 800]
	SymbolLine[1524 4999 2095 4809 800]
	SymbolLine[2095 4809 2476 4428 800]
	SymbolLine[2286 3476 2286 2905 800]
	SymbolLine[2286 2905 2095 2523 800]
	SymbolLine[1143 2333 761 2523 800]
	SymbolLine[761 2523 381 2905 800]
	SymbolLine[381 2905 190 3476 800]
	SymbolLine[190 3476 190 3857 800]
	SymbolLine[190 3857 381 4428 800]
	SymbolLine[381 4428 761 4809 800]
	SymbolLine[761 4809 1143 4999 800]
)
Symbol['|' 1200]
(
	SymbolLine[1143 2333 1143 4999 800]
	SymbolLine[1332 2333 1332 4999 800]
	SymbolLine[190 2333 0 3285 800]
	SymbolLine[0 3285 0 2333 800]
	SymbolLine[0 2333 1904 2333 800]
	SymbolLine[1332 3666 2095 3666 800]
	SymbolLine[2095 3666 2666 3857 800]
	SymbolLine[2666 3857 2856 4237 800]
	SymbolLine[2856 4237 2856 4428 800]
	SymbolLine[2856 4428 2666 4809 800]
	SymbolLine[2666 4809 2095 4999 800]
	SymbolLine[2095 4999 570 4999 800]
	SymbolLine[2095 3666 2475 3857 800]
	SymbolLine[2475 3857 2666 4237 800]
	SymbolLine[2666 4237 2666 4428 800]
	SymbolLine[2666 4428 2475 4809 800]
	SymbolLine[2475 4809 2095 4999 800]
)
Symbol['}' 1200]
(
	SymbolLine[2284 2333 2284 4999 800]
	SymbolLine[2475 2333 2475 4999 800]
	SymbolLine[3047 2333 952 2333 800]
	SymbolLine[952 2333 380 2523 800]
	SymbolLine[380 2523 190 2905 800]
	SymbolLine[190 2905 190 3094 800]
	SymbolLine[190 3094 380 3476 800]
	SymbolLine[380 3476 952 3666 800]
	SymbolLine[952 3666 2284 3666 800]
	SymbolLine[952 2333 570 2523 800]
	SymbolLine[570 2523 380 2905 800]
	SymbolLine[380 2905 380 3094 800]
	SymbolLine[380 3094 570 3476 800]
	SymbolLine[570 3476 952 3666 800]
	SymbolLine[1904 3666 1332 3857 800]
	SymbolLine[1332 3857 1143 4046 800]
	SymbolLine[1143 4046 761 4809 800]
	SymbolLine[761 4809 570 4999 800]
	SymbolLine[1904 3666 1523 3857 800]
	SymbolLine[1523 3857 1332 4046 800]
	SymbolLine[1332 4046 952 4809 800]
	SymbolLine[952 4809 761 4999 800]
	SymbolLine[761 4999 380 4999 800]
	SymbolLine[380 4999 190 4809 800]
	SymbolLine[190 4809 0 4428 800]
	SymbolLine[1713 4999 3047 4999 800]
)
Symbol['~' 1200]
(
	SymbolLine[570 2333 570 4999 800]
	SymbolLine[761 2333 761 4999 800]
	SymbolLine[0 2333 1333 2333 800]
	SymbolLine[761 3666 1523 3666 800]
	SymbolLine[1523 3666 2095 3857 800]
	SymbolLine[2095 3857 2286 4237 800]
	SymbolLine[2286 4237 2286 4428 800]
	SymbolLine[2286 4428 2095 4809 800]
	SymbolLine[2095 4809 1523 4999 800]
	SymbolLine[1523 4999 0 4999 800]
	SymbolLine[1523 3666 1904 3857 800]
	SymbolLine[1904 3857 2095 4237 800]
	SymbolLine[2095 4237 2095 4428 800]
	SymbolLine[2095 4428 1904 4809 800]
	SymbolLine[1904 4809 1523 4999 800]
)
