
Element[0x00000000 "" "" "" 230000 180000 0 0 0 100 0x00000000]
(
	Pin[-100000 0 14500 5000 14500 5000 "" "1" 0x00004001]
	Pin[100000 0 14500 5000 14500 5000 "" "2" 0x00004001]
	ElementLine [-87500 -45000 87500 -45000 1000]
	ElementLine [-87500 45000 87500 45000 1000]
	ElementLine [-100000 8000 -88000 8000 1000]
	ElementLine [-88000 -8000 -88000 -45000 1000]
	ElementLine [-100000 -8000 -88000 -8000 1000]
	ElementLine [-88000 45000 -88000 8000 1000]
	ElementLine [100000 8000 87000 8000 1000]
	ElementLine [87000 8000 87000 45000 1000]
	ElementLine [100000 -8000 87000 -8000 1000]
	ElementLine [87000 -8000 87000 -45000 1000]
	ElementArc [-100000 0 8000 8000 0 90 1000]
	ElementArc [-100000 0 8000 8000 270 90 1000]
	ElementArc [100000 0 8000 8000 180 90 1000]
	ElementArc [100000 0 8000 8000 90 90 1000]

	)
