
Element["" "" "" "" 0 0 0 0 0 100 ""]
(
	Pad[-20000 -1500 -20000 2000 5100 1800 7300 "" "1" ""]
	Pad[-10000 -1500 -10000 2000 5100 1800 7300 "" "2" ""]
	Pad[0 -1500 0 2000 5100 1800 7300 "" "3" ""]
	Pad[10000 -1500 10000 2000 5100 1800 7300 "" "4" ""]
	Pad[20000 -1500 20000 2000 5100 1800 7300 "" "5" ""]
	ElementLine [20000 -5000 -20000 -5000 809]
	ElementLine [-23000 2000 -23000 -2000 809]
	ElementLine [-20000 5000 20000 5000 809]
	ElementLine [23000 2000 23000 -2000 809]
	ElementArc [20000 2000 3000 3000 90 90 809]
	ElementArc [-20000 2000 3000 3000 0 90 809]
	ElementArc [-20000 -2000 3000 3000 270 90 809]
	ElementArc [20000 -2000 3000 3000 180 90 809]

	)
