
Element[0x00000000 "" "" "" 49000 30000 0 0 0 100 0x00000000]
(
	Pin[21000 0 8100 2000 8700 4200 "" "2" 0x00004001]
	Pin[-19000 0 8100 2000 8700 4200 "" "1" 0x00004001]
	ElementLine [-12500 -6500 12500 -6500 1000]
	ElementLine [12500 -6500 12500 6000 1000]
	ElementLine [12500 6000 -12500 6000 1000]
	ElementLine [-12500 6000 -12500 -6500 1000]
	ElementLine [-6600 -3200 -4600 -5200 1000]
	ElementLine [-4600 -5200 -4600 4800 1000]
	ElementLine [-2600 -2200 -2600 1800 1000]
	ElementArc [400 -3200 2000 2000 180 90 1000]
	ElementArc [400 -2200 3000 3000 270 90 1000]
	ElementArc [400 1800 3000 3000 0 90 1000]
	ElementArc [399 1799 3001 3001 90 90 1000]
	ElementArc [601 1999 2999 2999 180 90 1000]
	ElementArc [500 1900 2700 2700 270 90 1000]

	)
