Element[0x00000000 "dio-6A2" "D?" "" 100000 100000 21400 8700 0 100 0x00000000]
(
	Pin[32500 0 13500 6000 14000 5500 "" "1" 0x0101]
	Pin[-32500 0 13500 6000 14000 5500 "" "2" 0x01]
	ElementLine [-32500 -7500 -19000 -7500 1000]
	ElementLine [-32500 7500 -19000 7500 1000]
	ElementLine [32500 -7500 19000 -7500 1000]
	ElementLine [32500 7500 19000 7500 1000]
	ElementLine [-19000 -7500 -19000 -19000 1000]
	ElementLine [-19000 -19000 19000 -19000 1000]
	ElementLine [19000 -19000 19000 -7500 1000]
	ElementLine [-19000 7500 -19000 19000 1000]
	ElementLine [-19000 19000 19000 19000 1000]
	ElementLine [19000 19000 19000 7500 1000]
	ElementLine [15000 -19000 15000 19000 1000]
	ElementLine [26000 -14000 29000 -14000 1000]
	ElementLine [27500 -15500 27500 -12500 1000]
	ElementArc [32500 0 7500 7500 180 90 1000]
	ElementArc [32499 -1 7501 7501 90 90 1000]
	ElementArc [-32500 0 7500 7500 270 90 1000]
	ElementArc [-32500 0 7500 7500 0 90 1000]

	)
