
Element[0x00000000 "" "" "" 100000 100000 0 0 0 100 0x00000000]
(
	Pin[-60000 0 10000 2000 10600 4900 "" "2" 0x00004001]
	Pin[60000 0 10000 2000 10600 4900 "" "1" 0x00004001]
#	ElementArc [0 0 60000 60000 270 90 1000]
#	ElementArc [0 0 60000 60000 180 90 1000]
#	ElementArc [0 0 60000 60000 90 75 1000]
#	ElementArc [0 0 60000 60000 0 90 1000]
	ElementArc [0 0 60000 60000 6 168 1000]
	ElementArc [0 0 60000 60000 186 168 1000]
	ElementArc [-60000 0 6000 6000 270 90 1000]
	ElementArc [-60000 0 6000 6000 0 90 1000]
	ElementArc [60000 0 6000 6000 180 90 1000]
	ElementArc [60000 0 6000 6000 90 90 1000]
	)
