
Element[0x00000000 "" "" "" 143000 84000 0 0 0 100 0x00000000]
(
	Pin[63000 0 20000 6000 21000 4500 "" "2" 0x00004001]
	Pin[-63000 0 20000 6000 21000 4500 "" "1" 0x00004001]
	ElementLine [-50500 -15000 49500 -15000 1000]
	ElementLine [-50500 15000 49500 15000 1000]
	ElementLine [-63001 10500 -51000 10500 1000]
	ElementLine [-51000 10500 -51000 15000 1000]
	ElementLine [-63000 -10500 -51000 -10500 1000]
	ElementLine [-51000 -10500 -51000 -15000 1000]
	ElementLine [49500 -10500 49500 -15000 1000]
	ElementLine [63000 -10500 49500 -10500 1000]
	ElementLine [63000 10500 49500 10500 1000]
	ElementLine [49500 10500 49500 15000 1000]
	ElementArc [-63000 0 10500 10500 270 90 1000]
	ElementArc [-63000 0 10500 10500 0 90 1000]
	ElementArc [63000 0 10500 10500 180 90 1000]
	ElementArc [62999 -1 10501 10501 90 90 1000]

	)
