Element[0x0 "TO-92" "Q?" "" 75000 92000 -9300 5300 0 100 0x0]
(
	Pin[-10000 0 5200 2000 5600 2900 "" "1" 0x01]
	Pin[0 0 5200 2000 5600 2900 "" "2" 0x01]
	Pin[10000 0 5200 2000 5600 2900 "" "3" 0x01]
	ElementLine [-9300 -4500 -4500 -9400 800]
	ElementLine [-4500 -9400 4500 -9400 800]
	ElementLine [9300 -4500 4500 -9400 800]
	ElementLine [-9300 4300 9300 4300 800]
	ElementLine [-9300 4300 -9300 2800 800]
	ElementLine [9300 4300 9300 2800 800]
	ElementLine [-9300 -4500 -9300 -2800 800]
	ElementLine [9300 -4500 9300 -2800 800]
)
