
Element["" "switch" "switch" "switch" 100000 240000 -10000 38000 0 122 ""]
(
	Pin[0 0 6600 2800 8200 4100 "1" "1" ""]
	Pin[0 10000 6600 2800 8200 4100 "3" "3" ""]
	Pin[0 30000 6600 2800 8200 4100 "" "" ""]
	Pin[0 -10000 6600 2800 8200 4100 "2" "2" ""]
	ElementLine [-5500 -4000 -6500 -3000 600]
	ElementLine [-6500 7000 -7000 7500 600]
	ElementLine [-8000 46000 -8000 62000 1000]
	ElementLine [-8000 62000 8000 62000 1000]
	ElementLine [8000 62000 8000 46000 1000]
	ElementLine [-5000 62000 -5000 82000 1000]
	ElementLine [5000 62000 5000 82000 1000]
	ElementLine [-12000 14000 -12000 46000 1000]
	ElementLine [12000 14000 -12000 14000 1000]
	ElementLine [12000 46000 12000 14000 1000]
	ElementLine [-12000 46000 12000 46000 1000]
	ElementLine [-4000 -8500 -7000 -8500 600]
	ElementLine [-7000 -8500 -7000 -9000 600]
	ElementLine [-7000 -9000 -4500 -11500 600]
	ElementLine [-7000 11000 -6500 11500 600]
	ElementLine [-6500 11500 -5500 11500 600]
	ElementLine [-5500 11500 -4500 10500 600]
	ElementLine [-4500 10500 -4500 8000 600]
	ElementLine [-4500 -12500 -5000 -13000 600]
	ElementLine [-5000 -13000 -6500 -13000 600]
	ElementLine [-6500 -13000 -7000 -12500 600]
	ElementLine [-4500 -11500 -4500 -12500 600]
	ElementLine [-6500 1000 -5000 1000 600]
	ElementLine [-5500 1000 -5500 -4000 600]
	ElementLine [-4500 9000 -6000 9000 600]
	ElementLine [-4500 8000 -5500 7000 600]
	ElementLine [-5500 7000 -6500 7000 600]
	ElementLine [4000 84000 5000 82000 1000]
	ElementLine [-5000 82000 -4000 84000 1000]
	ElementLine [-4000 84000 -1000 85000 1000]
	ElementLine [-1000 85000 1000 85000 1000]
	ElementLine [1000 85000 4000 84000 1000]

	)
